1.1514637 0.0636084 0.1070654 -0.0343964 0.1687028 0.0724670 0.0326194 0.0943525 0.0476704 0.0552580 0.0415480 0.0730614 0.0501233 -0.0362513 -0.0423086 0.0367572 -0.0163237 -0.0027778 -0.0543924 -0.0686063 -0.0366701 -0.0469596 -0.0583729 -0.0111312 -0.0392044 0.0225482 -0.0226833 0.0010703 0.0059366 -0.0299583 -0.0095562 -0.0233836 0.0319549 -0.0242324 -0.0996604 0.0066181 -0.0448154 -0.0284298 -0.0438377 -0.0368332 -0.0080929 -0.0401895 -0.0493017 -0.0690403 0.0045133 -0.0366818 -0.0346603 -0.0391733 -0.0415849 0.0075887 -0.0603544 -0.0345799 -0.0340840 -0.0875267 -0.0411550 -0.0480198 -0.0222362 -0.0432993 -0.0160703 -0.0802167 -0.0901284 -0.0657170 -0.0589517 -0.0319484 -0.0325470 -0.0927131 -0.0807921 -0.0341821 -0.0190099 0.1153115 -0.0278354 -0.0260036 0.0124831 -0.0563069 -0.0390016 -0.0310990 0.0034340 -0.0048912 0.0668634 -0.0275573
0.0636084 1.2626967 0.1412699 -0.0580295 0.0889811 0.0270341 0.0164252 0.1247151 0.1025995 0.1030579 0.0492305 0.0558361 0.0355527 -0.0227960 -0.0515143 -0.0385512 -0.0316526 0.0317195 -0.0516444 -0.0479609 -0.0592722 -0.0050878 -0.0426255 -0.0553720 -0.0546930 -0.0446944 -0.0928842 0.0116978 0.0069168 0.0153919 -0.0229507 -0.0253739 0.0030705 -0.0054411 -0.0686378 -0.0360173 -0.0709342 0.0012393 -0.0387310 0.0328972 -0.0530446 -0.0150536 -0.0249964 -0.0219317 -0.0243242 -0.0292749 -0.0272717 -0.0689243 -0.0188419 -0.0720579 -0.0492997 -0.0337565 -0.0149660 -0.0502725 -0.0343087 -0.0536029 0.0055256 -0.0589446 -0.0523006 -0.0464585 -0.0780424 -0.0387736 -0.0176692 -0.0587855 -0.0640681 -0.0708179 -0.0158335 -0.0205039 0.0094650 0.0776986 -0.0471907 -0.0470232 -0.0062996 0.0013236 -0.0528716 -0.0537578 -0.0677754 -0.0257990 0.0289720 0.0065022
0.1070654 0.1412699 1.2392926 -0.0239495 0.0595759 0.1257762 0.0620219 0.0628541 0.0334673 0.0467456 0.0892626 0.0349707 0.0341957 -0.0600948 -0.0503729 -0.0198107 -0.0146733 -0.0638688 -0.0352795 -0.0211840 -0.0558125 -0.0433263 -0.0274056 0.0126567 -0.0325686 -0.0483754 -0.0597097 -0.0170355 -0.0458081 -0.0259820 -0.0448272 -0.0460351 -0.0204588 -0.0481194 -0.0123712 -0.0693114 -0.0386709 0.0259681 -0.0464121 -0.0056826 -0.0296934 -0.0029375 -0.0878963 -0.0435903 -0.0182949 -0.0429136 -0.0218021 0.0097675 -0.0466947 -0.0834771 -0.0665258 -0.0757669 -0.0034880 -0.0207839 -0.0212448 -0.0870702 -0.0416725 -0.0423305 -0.0866984 -0.0347497 -0.0319522 -0.0217186 0.0071677 -0.0397820 -0.0411175 -0.0353400 -0.0184921 -0.0232316 -0.0320744 0.0174921 0.0075746 -0.0333583 -0.0012615 0.0043994 -0.0601893 -0.0159808 -0.0365940 -0.0311479 0.1463784 -0.0333717
-0.0343964 -0.0580295 -0.0239495 0.9892523 -0.0642039 -0.0215980 -0.0157483 -0.0406799 -0.0261361 -0.0386575 -0.0126309 -0.0238439 -0.0327575 -0.0580882 0.0049016 -0.0609202 0.0034075 -0.0620434 -0.0160917 0.0203134 0.0092125 -0.0352823 -0.0669771 -0.0033928 0.0095620 0.0280904 -0.0002018 -0.0042121 -0.0030600 0.0477774 -0.0424274 -0.0033318 -0.0195483 -0.0235173 -0.0045450 -0.0316965 -0.0072608 0.0051974 -0.0277309 0.0193243 -0.0470921 0.0390467 -0.0330010 0.0136012 -0.0524374 0.0184595 0.0168923 -0.0042575 -0.0018104 0.0279304 -0.0463677 0.0203056 -0.0427341 -0.0187868 -0.0368100 0.0417458 -0.0503793 0.0113265 -0.0155410 0.0342178 -0.0097530 0.0169829 -0.0147908 -0.0006909 0.0098866 -0.0190517 0.0281500 -0.0322089 0.0086193 -0.0767053 0.0548213 0.0028529 -0.0083351 -0.0155080 0.0040087 -0.0072579 -0.0387768 0.0069710 -0.0237307 -0.0141706
0.1687028 0.0889811 0.0595759 -0.0642039 1.2334290 0.0156469 0.0615513 0.0986295 0.1758172 -0.0020469 0.0475911 0.1116657 0.0774802 -0.0752644 -0.0624366 0.0365645 -0.0536879 -0.0459113 -0.0112093 -0.0111993 -0.0636908 -0.0419183 0.0294082 -0.0151192 -0.0798034 -0.0050464 -0.0328795 -0.0465565 0.0281676 -0.0147461 -0.0015200 -0.0500235 0.0289965 -0.0289812 -0.0366304 0.0128886 -0.0912426 0.0613060 -0.0346845 -0.1041181 -0.0615884 -0.0725939 -0.0325259 0.0039611 -0.0306608 -0.0107033 0.0334029 -0.0285839 -0.0162408 -0.0536302 -0.0142454 -0.0230950 -0.0471275 -0.0410998 -0.0658013 -0.0857963 -0.0619596 -0.0464211 -0.0610375 -0.0160092 -0.0554910 -0.0947261 -0.0762054 -0.0656998 -0.0178545 -0.0384207 -0.0448203 -0.0300264 -0.0078817 0.0723491 -0.0683295 -0.0573865 -0.0534473 -0.0837982 -0.0407026 -0.0112894 0.0061898 -0.0474859 0.1251980 -0.0816839
0.0724670 0.0270341 0.1257762 -0.0215980 0.0156469 1.0166881 0.0489406 0.0814670 0.0425119 0.0231254 0.0806906 0.0833609 0.1183704 -0.0246129 -0.0538945 -0.0543657 -0.0451590 -0.0435470 -0.0231488 -0.0295793 -0.0073257 -0.0134611 -0.0134042 0.0210810 -0.0525926 -0.0120740 -0.0110073 0.0260760 -0.0217730 -0.0653074 -0.0094033 -0.0423755 -0.0030694 -0.0280589 -0.0484978 -0.0195556 -0.0857882 -0.0391288 -0.0380726 -0.0395221 -0.0133570 -0.0393447 -0.0444318 -0.0118184 -0.0087026 -0.0537607 -0.0040877 -0.0274818 -0.0370946 -0.0063377 -0.0213057 -0.0131964 -0.0206239 -0.0309028 -0.0091706 -0.0494291 -0.0313936 -0.0477347 -0.0475109 -0.0654376 0.0110865 -0.0237588 0.0149258 -0.0407198 -0.0439585 -0.0293101 -0.0496911 0.0013860 0.0000734 0.0298219 -0.0144429 -0.0123709 -0.0778347 -0.0590902 -0.0531436 -0.0494086 -0.0307389 -0.0009268 0.0710027 -0.0254044
0.0326194 0.0164252 0.0620219 -0.0157483 0.0615513 0.0489406 1.0162919 0.1383976 0.0490108 -0.0216271 0.0177747 0.1092688 0.1008893 -0.0525199 -0.0268571 -0.0407928 -0.0340169 -0.0616325 -0.0792117 -0.0340888 -0.0311137 -0.0383806 -0.0425795 -0.0142640 -0.0045910 -0.0274796 -0.0438759 -0.0131663 -0.0662118 -0.0273627 0.0142656 -0.0187140 -0.0106177 0.0056861 -0.0489740 -0.0136477 -0.0950700 -0.0066173 -0.0193711 -0.0218869 -0.0187531 -0.0120653 -0.0081093 0.0102060 0.0222243 -0.0512670 -0.0168957 0.0023897 -0.0247402 0.0138626 -0.0358049 -0.0734702 -0.0445610 -0.0715843 -0.0309926 -0.0318769 -0.0450272 -0.0041254 -0.0403056 0.0100483 -0.0012603 0.0108774 -0.0357414 -0.0699027 0.0321343 -0.0019524 -0.0473759 -0.0204270 -0.0622844 0.0185666 -0.0118456 -0.0482006 -0.0425207 -0.0306044 0.0171058 -0.0419711 -0.0523248 -0.0203610 0.1071687 -0.0318998
0.0943525 0.1247151 0.0628541 -0.0406799 0.0986295 0.0814670 0.1383976 1.0606335 0.0606466 0.0604479 0.1002622 0.1399151 0.0255493 -0.0305072 -0.0569447 0.0029693 -0.0091624 -0.0527979 -0.0568174 -0.0612284 -0.0169213 -0.0605065 -0.0488553 -0.0167338 -0.0733041 0.0369826 -0.0091116 -0.0292075 0.0101679 -0.0222498 -0.0355005 -0.0399606 -0.0487683 -0.0008970 -0.0271502 0.0155206 -0.0546610 0.0038323 -0.0685605 -0.0159761 -0.0576569 -0.0407634 -0.0486283 -0.0593105 0.0112469 -0.0860018 -0.0348815 0.0135360 -0.0229410 -0.0389412 -0.0613126 -0.0443089 -0.0474898 -0.0249697 -0.0443820 -0.0478759 -0.0168734 -0.0519832 -0.0722944 0.0001542 0.0101730 -0.0381908 -0.0053566 -0.0525048 -0.0076187 -0.0190477 -0.0726921 -0.0038646 -0.0761607 0.0423522 -0.0441547 -0.0336260 -0.0253860 0.0108482 -0.0413881 -0.0515519 0.0014516 -0.0585602 0.0005151 -0.0429611
0.0476704 0.1025995 0.0334673 -0.0261361 0.1758172 0.0425119 0.0490108 0.0606466 1.3331850 0.0884763 0.0939978 0.1647236 0.0461517 -0.0545094 -0.0625409 -0.0017603 -0.0509124 -0.0252765 -0.0417293 -0.0565475 -0.0299613 -0.0238832 -0.0528413 -0.0024389 -0.0756828 -0.0240031 -0.0629051 -0.0026966 -0.0343960 -0.0434401 -0.0504704 -0.0782447 0.0071227 -0.0072236 0.0555240 -0.0411777 -0.0395214 0.0309967 -0.0067702 -0.0144185 -0.0390414 -0.0827277 -0.0448257 0.0088634 -0.0371023 -0.0523409 -0.0431459 -0.0265242 -0.0494010 -0.0075458 -0.0242435 -0.0158829 -0.0371952 -0.0805643 -0.0095366 -0.0547946 -0.0074462 -0.0480490 -0.0752667 -0.0129575 -0.0456758 -0.0519879 -0.0666282 -0.0528791 -0.0658628 -0.0120682 -0.0821590 -0.0038112 0.0046113 0.0836161 -0.0382775 -0.0633511 -0.0295692 -0.0303873 -0.0693665 -0.0321747 -0.0416402 -0.0900670 -0.0036831 -0.0268837
0.0552580 0.1030579 0.0467456 -0.0386575 -0.0020469 0.0231254 -0.0216271 0.0604479 0.0884763 1.0456899 0.0355983 0.0553354 0.0113222 0.0047320 -0.0457573 -0.0195862 -0.0591615 -0.0260699 -0.0286045 -0.0615707 -0.0322697 0.0005322 -0.0175843 0.0306156 0.0230703 0.0050640 0.0026757 -0.0209757 -0.0131230 -0.0439595 -0.0310276 -0.0299215 -0.0429638 -0.0384450 -0.0226259 -0.0398450 -0.0868351 -0.0135775 -0.0519884 0.0112572 -0.0138129 -0.0256826 -0.0586162 -0.0561221 -0.0020459 -0.0240545 -0.0317074 0.0028036 -0.0196801 -0.0222447 -0.0214084 0.0377569 -0.0478939 -0.0486121 -0.0157223 -0.0261875 -0.0258584 -0.0206377 -0.0080194 -0.0266185 -0.0614224 -0.0602001 0.0031038 -0.0350323 -0.0309861 -0.0474712 0.0130378 -0.0306198 -0.0088531 0.0724954 -0.0002959 -0.0549276 -0.0252464 -0.0483351 -0.0227348 -0.0466518 -0.0294467 -0.0190665 0.0692833 -0.0171225
0.0415480 0.0492305 0.0892626 -0.0126309 0.0475911 0.0806906 0.0177747 0.1002622 0.0939978 0.0355983 1.2935274 0.0259112 0.0755444 -0.0912179 -0.0429087 -0.0427940 -0.0013611 -0.0269300 -0.0559906 -0.0269598 -0.0690151 -0.0099381 0.0326045 -0.0201511 -0.0951446 -0.0095929 -0.0233992 0.0215863 -0.0533000 -0.0328304 -0.0106930 -0.0287403 -0.0194074 0.0297324 -0.0570257 -0.0520333 -0.0414807 -0.0568373 -0.0370233 0.0152178 -0.0570818 -0.0163835 -0.0383525 -0.0012796 -0.0209925 -0.0286706 -0.0011222 -0.0054617 -0.0331454 -0.0184813 -0.0409076 -0.0366590 -0.0217624 -0.0860855 -0.0298739 -0.0774075 -0.0210462 -0.0893194 -0.0342521 -0.0197003 -0.0561935 -0.0339044 -0.0480345 -0.0104161 -0.0897453 -0.0288629 -0.0693503 0.0176900 -0.0009255 0.0940949 0.0118827 -0.0370342 -0.0651151 -0.0465345 -0.0417716 -0.0778967 -0.0298014 -0.0031008 0.0630643 -0.0325282
0.0730614 0.0558361 0.0349707 -0.0238439 0.1116657 0.0833609 0.1092688 0.1399151 0.1647236 0.0553354 0.0259112 1.1800493 0.0818490 -0.0189125 -0.0021406 -0.0554142 -0.0340991 -0.0436886 -0.0018556 -0.0666721 -0.0457259 0.0429209 -0.0188672 0.0073249 -0.0651178 -0.0148745 -0.0716120 -0.0268889 -0.0129955 0.0009875 -0.0414795 -0.0547969 0.0348776 -0.0443224 -0.0463554 -0.0566766 -0.0810370 -0.0536770 -0.0257752 -0.0119876 -0.0408561 -0.0505761 -0.0474537 -0.0515972 0.0094272 -0.0758147 -0.0156228 -0.0291029 0.0167487 -0.0004886 0.0021833 -0.0611454 0.0152875 -0.0666403 -0.0009959 -0.0796619 -0.0167172 -0.0523986 -0.0236302 0.0216392 -0.0062052 -0.0006530 -0.0481581 -0.0679488 -0.0199751 -0.0186634 -0.1122390 -0.0411129 -0.0862182 0.0188725 -0.0411084 -0.0590595 -0.0237763 -0.0684799 -0.0310994 -0.0510966 -0.0292282 -0.0709959 0.0675732 -0.0746272
0.0501233 0.0355527 0.0341957 -0.0327575 0.0774802 0.1183704 0.1008893 0.0255493 0.0461517 0.0113222 0.0755444 0.0818490 1.3551780 -0.0382759 -0.0322093 -0.0104621 -0.0175786 -0.0911017 -0.0658963 -0.0524320 -0.0170852 -0.0505015 -0.0306302 -0.0244783 -0.0474111 -0.0349732 -0.0200166 -0.0054100 -0.0489986 -0.0430181 -0.0365012 -0.0382924 -0.0250186 -0.0084580 -0.0800178 -0.0749583 -0.0537761 0.0117161 -0.0388189 0.0157685 -0.0246822 -0.0340635 0.0167722 0.0460939 -0.0055941 -0.0172122 0.0031651 -0.0392493 -0.0257757 -0.0696794 -0.0395883 -0.0413516 -0.0067974 -0.0490915 -0.0359159 -0.0446204 -0.0397287 -0.0409692 -0.0449525 -0.0420345 -0.1070354 0.0122394 -0.0697211 0.0163227 -0.0803533 -0.0430440 -0.0621766 -0.0136947 -0.0140159 0.0654968 -0.0619591 -0.0310342 -0.0435517 -0.0706486 -0.0148344 -0.0233173 -0.0515637 0.0033688 0.1150530 -0.0424268
-0.0362513 -0.0227960 -0.0600948 -0.0580882 -0.0752644 -0.0246129 -0.0525199 -0.0305072 -0.0545094 0.0047320 -0.0912179 -0.0189125 -0.0382759 1.1390736 -0.0007765 -0.0213822 0.0384403 0.0341980 0.0229327 -0.0610520 -0.0314952 0.0671663 0.0214509 -0.0641043 -0.0471894 -0.0031705 -0.0339026 0.1023947 -0.0503677 -0.0081375 -0.0106129 -0.0306708 -0.0190977 -0.0860627 -0.0396247 0.0039651 -0.0268465 -0.0698603 -0.0148801 -0.0331446 -0.0055937 -0.0491797 0.0397823 -0.0573018 0.0289732 -0.0070852 -0.0249100 0.0260335 -0.0217726 0.0041625 -0.0009337 -0.0409133 0.0193897 0.0049710 0.0232526 0.0768240 -0.0016552 -0.0031049 0.0196276 -0.0333956 0.0162048 -0.0252448 -0.0346444 -0.0662456 -0.0202131 -0.0361409 0.0361261 -0.0098102 0.0727043 -0.0173792 -0.0171625 -0.0136919 -0.0409702 -0.0304718 -0.0191084 0.0203793 0.0011964 0.0039396 -0.0120488 0.0081063
-0.0423086 -0.0515143 -0.0503729 0.0049016 -0.0624366 -0.0538945 -0.0268571 -0.0569447 -0.0625409 -0.0457573 -0.0429087 -0.0021406 -0.0322093 -0.0007765 0.9759933 0.0566429 0.0287604 0.0315560 -0.0430960 0.0049022 -0.0442091 0.0206055 0.0356996 -0.0213858 -0.0123868 -0.0491046 0.0097971 -0.0268901 -0.0360270 0.0578677 -0.0132632 0.0415888 0.0094822 -0.0113903 0.0009481 0.0349394 -0.0054745 -0.0238442 -0.0048926 -0.0216578 0.0081738 -0.0212821 -0.0208556 0.0259176 0.0173184 -0.0214981 -0.0435896 -0.0277469 -0.0050193 0.0355420 -0.0177965 -0.0410076 -0.0513749 -0.0250067 -0.0006267 -0.0695352 0.0288378 0.0232330 0.0418076 0.0006489 0.0439293 -0.0380652 -0.0302875 -0.0061195 -0.0005667 -0.0529160 0.0404775 0.0161543 -0.0217506 -0.0933118 0.0147735 -0.0307672 0.0013783 0.0083994 -0.0526603 -0.0154260 0.0451282 -0.0489604 -0.0707348 0.0012714
0.0367572 -0.0385512 -0.0198107 -0.0609202 0.0365645 -0.0543657 -0.0407928 0.0029693 -0.0017603 -0.0195862 -0.0427940 -0.0554142 -0.0104621 -0.0213822 0.0566429 1.0405176 -0.0054357 -0.0247620 -0.0110325 -0.0511957 0.0325573 -0.0183225 0.0115755 -0.0272684 -0.0580947 0.0362118 -0.0251082 -0.0006835 0.0593875 -0.0451503 -0.0033322 0.0435751 0.0297639 0.0057629 -0.0349272 0.0411981 -0.0151775 -0.0413649 0.0365384 0.0057575 0.0179859 -0.0370431 0.0022966 0.0059034 0.0477654 0.0247395 -0.0137353 -0.0478283 0.0294611 0.0028306 -0.0268539 -0.0377228 0.0184332 0.0340773 -0.0201455 -0.0127114 -0.0265906 -0.0248292 -0.0024728 -0.0262365 -0.0266485 -0.0743079 -0.0302179 -0.0935276 -0.0430069 -0.0425071 0.0034514 -0.0184778 0.0000873 -0.0415704 -0.0539247 -0.0219816 -0.0323111 -0.0322740 -0.0160357 -0.0307821 0.0029710 -0.0430862 -0.0081989 -0.0497499
-0.0163237 -0.0316526 -0.0146733 0.0034075 -0.0536879 -0.0451590 -0.0340169 -0.0091624 -0.0509124 -0.0591615 -0.0013611 -0.0340991 -0.0175786 0.0384403 0.0287604 -0.0054357 1.0967436 -0.0224513 -0.0129014 -0.0164142 -0.0340267 -0.0260969 0.0856904 -0.0216505 -0.0225841 -0.0248857 0.0347946 -0.0330290 -0.0424765 0.0077743 -0.0194565 -0.0236301 -0.0372772 -0.0171926 -0.0255848 -0.0551452 0.0543600 0.0063495 -0.0433734 -0.0111957 -0.0541314 -0.0335838 -0.0005571 -0.0348125 -0.0070314 -0.0225910 -0.0229630 0.0204770 0.0373646 -0.0306487 -0.0358433 0.0128116 -0.0056855 -0.0695648 -0.0191025 -0.0441820 0.0122119 -0.0711786 -0.0262280 -0.0566108 -0.0453720 -0.0117063 0.0098382 0.0617277 -0.0512278 0.0357030 -0.0179231 0.0004650 0.0971080 -0.0471437 -0.0016868 -0.0004692 0.0306805 -0.0037527 -0.0096439 -0.0431386 0.0573286 -0.0092729 -0.0642579 -0.0266607
-0.0027778 0.0317195 -0.0638688 -0.0620434 -0.0459113 -0.0435470 -0.0616325 -0.0527979 -0.0252765 -0.0260699 -0.0269300 -0.0436886 -0.0911017 0.0341980 0.0315560 -0.0247620 -0.0224513 0.8926698 0.2394566 -0.0089718 -0.0150819 0.0262057 -0.0375863 -0.0613468 0.0210207 -0.0231995 -0.0343986 0.0278007 -0.0731071 -0.0302366 0.0273531 0.0474889 -0.0000456 0.0645591 0.0289480 -0.0277427 -0.0308332 -0.0759347 -0.0348054 -0.0432477 -0.0129959 -0.0373486 -0.0096899 -0.0380954 -0.0114819 -0.0353141 -0.0043262 -0.0155369 -0.0071447 -0.0362617 -0.0014472 0.0139873 -0.0125255 -0.0148007 0.0015011 0.0497862 0.0008666 0.0212471 -0.0392071 -0.0135283 0.0056920 -0.0062690 -0.0080991 0.0312971 0.0385025 0.0094992 0.0619185 -0.0168788 0.0029185 -0.0578906 -0.0281267 -0.0470659 -0.0136460 -0.0213801 0.0037850 0.0115913 -0.0103238 -0.0133820 -0.0616159 0.0053908
-0.0543924 -0.0516444 -0.0352795 -0.0160917 -0.0112093 -0.0231488 -0.0792117 -0.0568174 -0.0417293 -0.0286045 -0.0559906 -0.0018556 -0.0658963 0.0229327 -0.0430960 -0.0110325 -0.0129014 0.2394566 0.9561223 0.0019417 -0.0367689 -0.0057875 -0.0235615 0.0241094 0.0227927 0.0096654 -0.0323668 -0.0166429 -0.0545555 -0.0527191 -0.0118970 0.0243074 0.0069690 -0.0047594 0.0429354 -0.0415827 -0.0040622 -0.0410195 -0.0195218 -0.0610499 0.0474737 0.0099256 -0.0121702 -0.0345152 -0.0152643 -0.0743490 -0.0225132 -0.0396208 0.0005551 -0.0509535 -0.0174861 -0.0010176 -0.0260890 0.0535096 0.0167159 0.0486348 -0.0093187 0.0723302 -0.0165183 -0.0129554 -0.0184659 -0.0219935 0.0313519 0.0107739 0.0092976 -0.0209169 0.0234359 0.0048231 -0.0042595 -0.0461653 -0.0329269 -0.0123503 -0.0304985 0.0039564 0.0163558 -0.0295190 -0.0486756 -0.0072567 -0.0822328 0.0338204
-0.0686063 -0.0479609 -0.0211840 0.0203134 -0.0111993 -0.0295793 -0.0340888 -0.0612284 -0.0565475 -0.0615707 -0.0269598 -0.0666721 -0.0524320 -0.0610520 0.0049022 -0.0511957 -0.0164142 -0.0089718 0.0019417 0.9716191 0.0016899 -0.0055601 -0.0101542 -0.0378572 -0.0353007 0.0125141 -0.0037147 -0.0268993 -0.0436192 -0.0598642 0.0481102 -0.0085560 -0.0014611 0.0088606 0.0192733 -0.0468466 0.0233922 -0.0169014 0.0188828 0.0129122 -0.0430844 0.0434954 -0.0219211 0.0115604 0.0027889 -0.0111951 -0.0518865 -0.0187167 -0.0235207 -0.0089259 -0.0163356 0.0313782 -0.0335169 0.0035575 0.0229560 0.0081977 -0.0061255 0.0110356 -0.0400786 0.0185846 -0.0142884 -0.0415662 0.0499550 0.0302737 0.0185612 -0.0012683 0.0179507 -0.0166216 -0.0519964 -0.0507643 -0.0456621 0.0114806 0.0922289 -0.0494332 0.0356197 -0.0173627 0.0374940 -0.0392798 -0.0218174 0.0255374
-0.0366701 -0.0592722 -0.0558125 0.0092125 -0.0636908 -0.0073257 -0.0311137 -0.0169213 -0.0299613 -0.0322697 -0.0690151 -0.0457259 -0.0170852 -0.0314952 -0.0442091 0.0325573 -0.0340267 -0.0150819 -0.0367689 0.0016899 1.1646575 -0.0782872 -0.0564709 -0.0314382 0.0469443 -0.0130554 0.0143004 -0.0503196 -0.0036077 0.0212967 -0.0136367 0.0179221 -0.0516329 -0.0050235 0.0497863 0.0230486 -0.0199963 -0.0113641 -0.0295522 -0.0336537 0.0236239 0.0302816 0.0166967 -0.0107563 -0.0264297 -0.0021390 -0.0236711 -0.0052710 0.0226950 0.0006840 0.0345874 -0.0375447 -0.0316483 -0.0417449 -0.0028937 -0.0060028 -0.0040779 -0.0266440 -0.0151230 -0.0056755 0.0352699 -0.0178256 -0.0212133 -0.0035234 0.0018498 -0.0113077 -0.0144989 -0.0342477 -0.0707101 -0.0557745 -0.0144946 0.0241774 -0.0459563 0.0705498 -0.0283532 -0.0481483 -0.0021462 0.0464119 -0.0185090 -0.0207776
-0.0469596 -0.0050878 -0.0433263 -0.0352823 -0.0419183 -0.0134611 -0.0383806 -0.0605065 -0.0238832 0.0005322 -0.0099381 0.0429209 -0.0505015 0.0671663 0.0206055 -0.0183225 -0.0260969 0.0262057 -0.0057875 -0.0055601 -0.0782872 0.9819744 -0.0598360 -0.0076387 -0.0465232 -0.0353441 -0.0087061 0.0059360 -0.0075822 -0.0481189 0.0117176 -0.0093016 0.0136523 -0.0282549 -0.0301159 0.0352833 0.0187090 0.0057810 -0.0392821 -0.0539137 0.0266644 -0.0300807 0.0111539 -0.0325103 0.0077579 -0.0394734 -0.0164383 -0.0421864 -0.0049815 -0.0231102 0.0127611 -0.0747666 0.0087212 -0.0406105 0.0427943 -0.0610350 -0.0031765 0.0061107 -0.0400618 0.0325597 0.0750847 -0.0546164 0.0158500 -0.0822301 -0.0243980 -0.0258838 -0.0089914 0.0217504 0.0109236 0.0629114 0.0098365 -0.0045309 -0.0522965 -0.0102787 -0.0257353 0.0131644 0.0227174 -0.0307163 0.0104422 -0.0073997
-0.0583729 -0.0426255 -0.0274056 -0.0669771 0.0294082 -0.0134042 -0.0425795 -0.0488553 -0.0528413 -0.0175843 0.0326045 -0.0188672 -0.0306302 0.0214509 0.0356996 0.0115755 0.0856904 -0.0375863 -0.0235615 -0.0101542 -0.0564709 -0.0598360 1.0591933 -0.0274760 -0.0269269 0.0034416 0.0235209 0.0100265 -0.0170875 0.0110649 0.0266236 0.0045228 0.0005965 -0.0221963 -0.0532560 -0.0489524 -0.0147502 0.0007318 -0.0517800 -0.0111428 -0.0213393 -0.0550592 -0.0138586 0.0469414 -0.0487014 -0.0077804 -0.0305334 0.0061631 0.0387056 0.0339028 -0.0159432 0.0066993 0.0430400 -0.0255353 -0.0067084 -0.0327868 -0.0005403 -0.0151744 -0.0244852 -0.0230674 0.0116611 -0.0453697 -0.0061791 -0.0233625 -0.0270365 0.0306173 0.0146782 0.0500087 -0.0312951 -0.0162564 -0.0038028 -0.0089026 -0.0560203 -0.0261167 -0.0639510 0.0074954 0.0355851 -0.0316517 -0.0705478 -0.0647394
-0.0111312 -0.0553720 0.0126567 -0.0033928 -0.0151192 0.0210810 -0.0142640 -0.0167338 -0.0024389 0.0306156 -0.0201511 0.0073249 -0.0244783 -0.0641043 -0.0213858 -0.0272684 -0.0216505 -0.0613468 0.0241094 -0.0378572 -0.0314382 -0.0076387 -0.0274760 1.1752672 -0.0307666 0.0218245 -0.0041039 0.0413137 0.0517469 -0.0233555 -0.0200019 -0.0349754 0.0366833 -0.0458219 -0.0169820 0.0179936 -0.0619056 0.0834453 -0.0309676 0.0021747 -0.0295654 -0.0275159 -0.1163133 -0.0276197 0.0080639 -0.0128292 0.0325942 0.0206219 -0.0189656 -0.0281997 -0.0696192 0.0114201 -0.0516865 -0.0190632 -0.0175032 0.0062466 0.0080020 -0.0201938 -0.0098864 -0.0451912 -0.0457764 -0.0640517 0.0375361 -0.0127398 -0.0249408 0.0054717 -0.0525506 -0.0167596 -0.0697640 -0.0138924 -0.0302931 -0.0352421 -0.0213938 -0.0294852 0.0339495 0.0509774 -0.0055812 0.0009953 -0.0138391 -0.0865579
-0.0392044 -0.0546930 -0.0325686 0.0095620 -0.0798034 -0.0525926 -0.0045910 -0.0733041 -0.0756828 0.0230703 -0.0951446 -0.0651178 -0.0474111 -0.0471894 -0.0123868 -0.0580947 -0.0225841 0.0210207 0.0227927 -0.0353007 0.0469443 -0.0465232 -0.0269269 -0.0307666 1.1568943 -0.0508280 -0.0041966 0.0062439 -0.0686124 -0.0195302 -0.0690366 0.0240101 -0.0404969 0.0155324 0.0035133 -0.0434264 0.0039978 -0.0400117 0.0173677 -0.0337882 -0.0025219 -0.0186605 -0.0191297 -0.0126899 -0.0378280 -0.0174607 -0.0351405 -0.0308964 -0.0223479 0.0872234 0.0565762 -0.0150166 0.0099082 0.0500590 0.0376456 0.0653495 -0.0687969 0.0138280 0.0032559 -0.0292724 0.0150275 0.0210132 -0.0266820 0.0202743 0.0412076 -0.0066723 0.0522156 -0.0273247 0.0210808 -0.0645387 -0.0464697 0.0177243 0.0303083 0.0363396 -0.0115789 0.0062756 -0.0677295 0.0154131 -0.0644704 -0.0316014
0.0225482 -0.0446944 -0.0483754 0.0280904 -0.0050464 -0.0120740 -0.0274796 0.0369826 -0.0240031 0.0050640 -0.0095929 -0.0148745 -0.0349732 -0.0031705 -0.0491046 0.0362118 -0.0248857 -0.0231995 0.0096654 0.0125141 -0.0130554 -0.0353441 0.0034416 0.0218245 -0.0508280 0.8892065 -0.0100942 0.0046666 0.0712638 -0.0432309 0.0292857 -0.0291840 -0.0251435 -0.0216253 0.0034758 -0.0162180 -0.0726402 0.0291058 -0.0197969 -0.0218847 -0.0278429 -0.0413154 0.0278664 0.0269339 -0.0037651 -0.0064484 -0.0400820 -0.0202159 0.0109294 -0.0242672 0.0026439 -0.0627953 -0.0091437 -0.0521396 0.0046050 0.0076284 -0.0037489 -0.0422717 -0.0089653 -0.0127350 0.0044111 -0.0279774 -0.0091679 -0.0131480 -0.0304217 -0.0154243 -0.0116766 -0.0029518 -0.0324431 -0.0555291 -0.0338709 0.0473900 -0.0019206 -0.0515912 -0.0300902 0.0478342 -0.0257556 -0.0230910 0.0248182 -0.0045560
-0.0226833 -0.0928842 -0.0597097 -0.0002018 -0.0328795 -0.0110073 -0.0438759 -0.0091116 -0.0629051 0.0026757 -0.0233992 -0.0716120 -0.0200166 -0.0339026 0.0097971 -0.0251082 0.0347946 -0.0343986 -0.0323668 -0.0037147 0.0143004 -0.0087061 0.0235209 -0.0041039 -0.0041966 -0.0100942 0.9924049 0.0141039 0.0293490 0.0379944 -0.0328186 -0.0028932 0.0029514 -0.0414117 -0.0015109 0.0420593 0.0245597 -0.0227684 0.0190322 -0.0502452 -0.0547995 -0.0798771 0.0276893 -0.0089127 -0.0205114 -0.0270610 0.0345330 -0.0009744 0.0016844 -0.0149802 0.0408377 0.0271571 0.0586550 0.0004347 -0.0086367 -0.0281717 -0.0011045 -0.0017478 -0.0109409 -0.0396231 0.0101754 -0.0180327 -0.0245076 -0.0343097 -0.0579415 -0.0360835 -0.0287827 0.0001887 -0.0410537 -0.0278137 0.0608683 0.0276336 -0.0524495 -0.0219663 -0.0675051 -0.0021270 0.0362644 0.0154371 -0.0463359 -0.0602217
0.0010703 0.0116978 -0.0170355 -0.0042121 -0.0465565 0.0260760 -0.0131663 -0.0292075 -0.0026966 -0.0209757 0.0215863 -0.0268889 -0.0054100 0.1023947 -0.0268901 -0.0006835 -0.0330290 0.0278007 -0.0166429 -0.0268993 -0.0503196 0.0059360 0.0100265 0.0413137 0.0062439 0.0046666 0.0141039 0.9819338 -0.0079829 -0.0343582 -0.0255930 -0.0353196 -0.0251023 -0.0829294 -0.0474420 0.0111492 -0.0330461 -0.0003630 0.0330434 -0.0019845 0.0053299 -0.0260131 0.0310003 -0.0090216 0.0372837 -0.0168734 -0.0284222 0.0169473 -0.0022543 -0.0029474 0.0280843 -0.0642481 -0.0264461 -0.0018920 -0.0441532 -0.0322101 -0.0074964 -0.0180361 -0.0050537 -0.0118298 0.0030555 0.0085506 -0.0162826 -0.0316318 -0.0074622 -0.0365406 -0.0473977 -0.0092318 -0.0201120 0.0082187 -0.0358199 -0.0190140 -0.0104214 -0.0532878 -0.0189742 -0.0248078 -0.0546136 -0.0341221 0.0424225 -0.0181533
0.0059366 0.0069168 -0.0458081 -0.0030600 0.0281676 -0.0217730 -0.0662118 0.0101679 -0.0343960 -0.0131230 -0.0533000 -0.0129955 -0.0489986 -0.0503677 -0.0360270 0.0593875 -0.0424765 -0.0731071 -0.0545555 -0.0436192 -0.0036077 -0.0075822 -0.0170875 0.0517469 -0.0686124 0.0712638 0.0293490 -0.0079829 0.9661276 -0.0245024 0.0137099 -0.0145102 0.0218987 -0.0432846 -0.0084368 -0.0050738 -0.0371346 0.0152866 0.0589467 0.0094506 -0.0240691 -0.0613168 -0.0533220 0.0344722 0.0270140 0.0355473 0.0355752 0.0596131 0.0112405 -0.0182872 -0.0495301 -0.0550638 0.0215743 -0.0054130 -0.0370657 -0.0152028 0.0197718 -0.0486929 -0.0008498 -0.0580638 -0.0294729 -0.0564441 -0.0061411 -0.0122656 0.0001873 0.0060887 -0.0224010 0.0563355 -0.0165410 -0.0143857 0.0235747 -0.0047920 -0.0380717 0.0114697 -0.0196250 -0.0188476 -0.0226619 -0.0281073 -0.0646797 -0.0696876
-0.0299583 0.0153919 -0.0259820 0.0477774 -0.0147461 -0.0653074 -0.0273627 -0.0222498 -0.0434401 -0.0439595 -0.0328304 0.0009875 -0.0430181 -0.0081375 0.0578677 -0.0451503 0.0077743 -0.0302366 -0.0527191 -0.0598642 0.0212967 -0.0481189 0.0110649 -0.0233555 -0.0195302 -0.0432309 0.0379944 -0.0343582 -0.0245024 1.0704449 -0.0441053 -0.0154769 -0.0559910 0.0145890 -0.0093261 -0.0117886 -0.0016302 -0.0110178 0.0204349 -0.0300211 0.0408827 -0.0131909 0.1454040 0.0050151 -0.0048248 -0.0386488 -0.0036670 -0.0441927 0.0261357 0.0101239 -0.0421226 -0.0392130 -0.0154771 -0.0259768 -0.0262411 0.0053591 0.0125795 -0.0437300 0.0347680 -0.0251140 0.0107908 0.0060676 -0.0148672 -0.0201583 0.0077709 0.0066758 -0.0664601 -0.0073982 -0.0402632 -0.0218536 0.0002082 0.0210486 -0.0230195 -0.0189016 0.0001551 -0.0532758 -0.0189238 -0.0737833 -0.0226195 -0.0079648
-0.0095562 -0.0229507 -0.0448272 -0.0424274 -0.0015200 -0.0094033 0.0142656 -0.0355005 -0.0504704 -0.0310276 -0.0106930 -0.0414795 -0.0365012 -0.0106129 -0.0132632 -0.0033322 -0.0194565 0.0273531 -0.0118970 0.0481102 -0.0136367 0.0117176 0.0266236 -0.0200019 -0.0690366 0.0292857 -0.0328186 -0.0255930 0.0137099 -0.0441053 0.7965791 -0.0064237 0.0179885 0.0020277 -0.0360438 0.0228224 -0.0110275 0.0477437 -0.0534268 -0.0265533 -0.0172615 -0.0256256 0.0718163 0.0318399 0.0243496 -0.0100826 -0.0384902 -0.0069924 0.0386856 0.0036179 0.0624733 0.0057830 -0.0156676 -0.0682544 -0.0295928 -0.0144148 0.0422840 0.0254585 0.0226699 -0.0699600 -0.0435127 -0.0449135 -0.0185669 -0.0199342 -0.0159935 0.0213924 -0.0113450 0.0161114 -0.0359384 -0.0674547 -0.0152411 0.0204059 -0.0272328 -0.0603289 -0.0329911 0.0089802 0.0272090 -0.0181297 -0.0226832 0.0035310
-0.0233836 -0.0253739 -0.0460351 -0.0033318 -0.0500235 -0.0423755 -0.0187140 -0.0399606 -0.0782447 -0.0299215 -0.0287403 -0.0547969 -0.0382924 -0.0306708 0.0415888 0.0435751 -0.0236301 0.0474889 0.0243074 -0.0085560 0.0179221 -0.0093016 0.0045228 -0.0349754 0.0240101 -0.0291840 -0.0028932 -0.0353196 -0.0145102 -0.0154769 -0.0064237 0.7895491 -0.0071294 0.0009579 -0.0253565 -0.0066077 -0.0004735 -0.0082900 -0.0135206 -0.0244672 -0.0403105 0.0625689 0.0301770 -0.0377689 -0.0299552 0.0233489 -0.0277912 -0.0280718 0.0420649 -0.0048394 0.0065473 -0.0306234 -0.0032653 0.0396661 -0.0119612 -0.0028517 -0.0174170 -0.0080365 -0.0358894 0.0414018 -0.0006774 0.0313314 -0.0152561 0.0655100 -0.0080072 -0.0062296 0.0102961 -0.0271466 -0.0539839 -0.0745614 -0.0136898 0.0204879 0.0053527 0.0036222 -0.0360196 0.0238227 -0.0453083 0.0013583 -0.0675353 0.0146023
0.0319549 0.0030705 -0.0204588 -0.0195483 0.0289965 -0.0030694 -0.0106177 -0.0487683 0.0071227 -0.0429638 -0.0194074 0.0348776 -0.0250186 -0.0190977 0.0094822 0.0297639 -0.0372772 -0.0000456 0.0069690 -0.0014611 -0.0516329 0.0136523 0.0005965 0.0366833 -0.0404969 -0.0251435 0.0029514 -0.0251023 0.0218987 -0.0559910 0.0179885 -0.0071294 0.9504148 -0.0240662 -0.0232064 -0.0249113 -0.0559494 0.0221782 0.0235303 0.0009829 -0.0237381 -0.0493995 -0.0652062 -0.0070031 0.0065133 -0.0072228 0.0046559 -0.0154776 -0.0220878 0.0105641 -0.0346582 -0.0138533 0.0392670 -0.0607728 -0.0599014 -0.0147563 -0.0123591 -0.0446806 0.0062837 0.0566070 -0.0222027 -0.0277026 -0.0081258 0.0036407 -0.0570687 0.0038373 -0.0421217 -0.0320191 0.0024120 -0.0241467 0.0064170 -0.0154194 -0.0263030 -0.0108123 0.0012133 0.0092371 -0.0207619 -0.0287539 -0.0326203 0.0026463
-0.0242324 -0.0054411 -0.0481194 -0.0235173 -0.0289812 -0.0280589 0.0056861 -0.0008970 -0.0072236 -0.0384450 0.0297324 -0.0443224 -0.0084580 -0.0860627 -0.0113903 0.0057629 -0.0171926 0.0645591 -0.0047594 0.0088606 -0.0050235 -0.0282549 -0.0221963 -0.0458219 0.0155324 -0.0216253 -0.0414117 -0.0829294 -0.0432846 0.0145890 0.0020277 0.0009579 -0.0240662 0.8865917 -0.0102148 -0.0488170 -0.0332075 -0.0409307 -0.0608346 0.0303631 -0.0244043 0.0243383 -0.0063673 -0.0084755 -0.0579963 0.0126547 0.0300214 0.0076602 -0.0196921 -0.0222297 -0.0115184 -0.0244393 -0.0317994 -0.0036760 -0.0201857 -0.0282145 0.0259571 0.0263549 -0.0077465 0.0054979 0.0034317 0.0020798 0.0117855 -0.0248225 -0.0476453 0.0065785 -0.0450219 -0.0286782 0.0064229 -0.0044241 -0.0405963 0.0224307 0.0274373 -0.0374294 0.0778173 -0.0203051 -0.0097660 -0.0132684 0.0354554 0.0472862
-0.0996604 -0.0686378 -0.0123712 -0.0045450 -0.0366304 -0.0484978 -0.0489740 -0.0271502 0.0555240 -0.0226259 -0.0570257 -0.0463554 -0.0800178 -0.0396247 0.0009481 -0.0349272 -0.0255848 0.0289480 0.0429354 0.0192733 0.0497863 -0.0301159 -0.0532560 -0.0169820 0.0035133 0.0034758 -0.0015109 -0.0474420 -0.0084368 -0.0093261 -0.0360438 -0.0253565 -0.0232064 -0.0102148 0.9215636 -0.0203276 0.0388289 -0.0286120 0.0059908 -0.0454052 -0.0525764 0.0045981 -0.0442249 -0.0375187 -0.0529112 0.0408816 -0.0284850 -0.0403590 -0.0133431 -0.0427965 0.0524283 0.0175327 0.0206582 0.0168436 0.0517135 0.0649637 0.0169287 0.0521129 -0.0551751 0.0126925 0.0087295 -0.0073796 0.0161072 -0.0088297 0.0195276 0.0174736 0.0042376 -0.0071253 -0.0445717 -0.0394184 -0.0532320 0.0197395 -0.0380651 0.0373864 0.0394261 -0.0219047 -0.0088615 -0.0129541 -0.0389024 -0.0195002
0.0066181 -0.0360173 -0.0693114 -0.0316965 0.0128886 -0.0195556 -0.0136477 0.0155206 -0.0411777 -0.0398450 -0.0520333 -0.0566766 -0.0749583 0.0039651 0.0349394 0.0411981 -0.0551452 -0.0277427 -0.0415827 -0.0468466 0.0230486 0.0352833 -0.0489524 0.0179936 -0.0434264 -0.0162180 0.0420593 0.0111492 -0.0050738 -0.0117886 0.0228224 -0.0066077 -0.0249113 -0.0488170 -0.0203276 0.9128082 -0.0301122 -0.0286993 -0.0517948 -0.0294533 -0.0090763 -0.0046930 0.0265533 -0.0439626 0.0131371 -0.0308955 -0.0287159 -0.0184982 0.0275231 0.0184620 -0.0241552 0.0038609 0.0081211 -0.0096244 -0.0365581 -0.0114518 0.0437940 -0.0158830 0.0078015 -0.0304836 0.0290338 -0.0048074 -0.0292564 -0.0221689 -0.0455252 0.0850457 -0.0246608 -0.0053423 -0.0180039 -0.0190826 0.0728581 -0.0162974 0.0185318 0.0084012 -0.0666170 0.0053433 0.0194888 -0.0368113 -0.0292543 -0.0137781
-0.0448154 -0.0709342 -0.0386709 -0.0072608 -0.0912426 -0.0857882 -0.0950700 -0.0546610 -0.0395214 -0.0868351 -0.0414807 -0.0810370 -0.0537761 -0.0268465 -0.0054745 -0.0151775 0.0543600 -0.0308332 -0.0040622 0.0233922 -0.0199963 0.0187090 -0.0147502 -0.0619056 0.0039978 -0.0726402 0.0245597 -0.0330461 -0.0371346 -0.0016302 -0.0110275 -0.0004735 -0.0559494 -0.0332075 0.0388289 -0.0301122 1.0346682 -0.0952190 0.0388471 -0.0308715 0.0128750 0.0925456 -0.0349357 0.0238874 -0.0350405 0.0413576 -0.0020711 0.0340836 -0.0026325 -0.0258230 -0.0014236 0.0355990 -0.0395565 -0.0012556 0.0322383 0.0001997 -0.0321643 0.0127071 0.0003940 0.0185067 -0.0134824 0.0064367 -0.0050943 0.0373384 -0.0088045 0.0104140 0.0058833 -0.0242404 -0.0542459 -0.0324009 -0.0385270 0.0452346 0.0424059 0.0658351 0.0437794 -0.0080762 -0.0064765 -0.0340814 -0.0695153 0.0705454
-0.0284298 0.0012393 0.0259681 0.0051974 0.0613060 -0.0391288 -0.0066173 0.0038323 0.0309967 -0.0135775 -0.0568373 -0.0536770 0.0117161 -0.0698603 -0.0238442 -0.0413649 0.0063495 -0.0759347 -0.0410195 -0.0169014 -0.0113641 0.0057810 0.0007318 0.0834453 -0.0400117 0.0291058 -0.0227684 -0.0003630 0.0152866 -0.0110178 0.0477437 -0.0082900 0.0221782 -0.0409307 -0.0286120 -0.0286993 -0.0952190 1.1528354 -0.0216593 0.0285314 -0.0300342 -0.0584852 -0.0702346 -0.0292848 0.0179888 0.0131259 -0.0002126 -0.0341330 -0.0004656 -0.0580670 -0.0234397 -0.0139947 0.0028901 -0.0053728 -0.0705730 -0.0738143 0.0176843 -0.0002880 0.0361511 -0.0131801 -0.0216082 -0.0110771 -0.0181279 0.0183484 -0.0128231 -0.0628926 -0.0440601 0.0052258 -0.0331929 0.0330888 -0.0134919 -0.0282432 -0.0389815 -0.0358141 -0.0438835 0.0204300 -0.0236695 -0.0144326 -0.0419703 -0.0025084
-0.0438377 -0.0387310 -0.0464121 -0.0277309 -0.0346845 -0.0380726 -0.0193711 -0.0685605 -0.0067702 -0.0519884 -0.0370233 -0.0257752 -0.0388189 -0.0148801 -0.0048926 0.0365384 -0.0433734 -0.0348054 -0.0195218 0.0188828 -0.0295522 -0.0392821 -0.0517800 -0.0309676 0.0173677 -0.0197969 0.0190322 0.0330434 0.0589467 0.0204349 -0.0534268 -0.0135206 0.0235303 -0.0608346 0.0059908 -0.0517948 0.0388471 -0.0216593 1.1752025 0.0692558 -0.0763396 -0.0179841 -0.0009272 -0.0332111 0.0784945 0.0426953 0.0600772 -0.0193350 -0.0221712 -0.0217679 -0.0309417 -0.0383560 -0.0254322 -0.0222526 -0.0032552 0.0334588 -0.0379195 0.0200006 -0.0276932 -0.0205066 -0.0002509 0.0078464 -0.0238341 -0.0137583 -0.0660190 -0.0602720 -0.0175056 -0.0360523 -0.0119017 0.0061823 -0.0454464 -0.0024648 -0.0109131 -0.0373044 0.0099820 -0.0086951 0.0306444 -0.0166502 -0.0349587 -0.0469016
-0.0368332 0.0328972 -0.0056826 0.0193243 -0.1041181 -0.0395221 -0.0218869 -0.0159761 -0.0144185 0.0112572 0.0152178 -0.0119876 0.0157685 -0.0331446 -0.0216578 0.0057575 -0.0111957 -0.0432477 -0.0610499 0.0129122 -0.0336537 -0.0539137 -0.0111428 0.0021747 -0.0337882 -0.0218847 -0.0502452 -0.0019845 0.0094506 -0.0300211 -0.0265533 -0.0244672 0.0009829 0.0303631 -0.0454052 -0.0294533 -0.0308715 0.0285314 0.0692558 0.9716571 -0.0466454 0.0690126 0.0038346 -0.0150228 -0.0268140 0.0059409 -0.0187533 -0.0451855 -0.0154744 0.0042438 0.0270091 0.0625649 -0.0110926 -0.0118834 -0.0225379 -0.0459465 -0.0178660 -0.0551477 -0.0630776 -0.0461950 -0.0041142 -0.0168393 0.0663395 0.0185259 0.0156581 -0.0470042 -0.0360313 0.0201705 0.0021330 -0.0021562 -0.0252795 0.0230373 0.0224772 -0.0463207 -0.0239564 -0.0080556 -0.0100035 -0.0212057 0.0063612 -0.0700407
-0.0080929 -0.0530446 -0.0296934 -0.0470921 -0.0615884 -0.0133570 -0.0187531 -0.0576569 -0.0390414 -0.0138129 -0.0570818 -0.0408561 -0.0246822 -0.0055937 0.0081738 0.0179859 -0.0541314 -0.0129959 0.0474737 -0.0430844 0.0236239 0.0266644 -0.0213393 -0.0295654 -0.0025219 -0.0278429 -0.0547995 0.0053299 -0.0240691 0.0408827 -0.0172615 -0.0403105 -0.0237381 -0.0244043 -0.0525764 -0.0090763 0.0128750 -0.0300342 -0.0763396 -0.0466454 0.9784740 0.0048534 0.0188278 -0.0227057 -0.0302608 0.0049395 -0.0062908 0.0013052 -0.0213958 0.0584441 -0.0313647 -0.0546854 -0.0092896 -0.0821458 0.0045458 -0.0110077 -0.0019743 -0.0173029 0.3145725 -0.0438391 -0.0294032 -0.0190662 -0.0172630 0.0048515 0.0050068 -0.0056351 0.0115905 0.0145677 0.0004265 0.0022096 0.0106865 0.0489139 0.0289269 -0.0045273 -0.0357150 -0.0242658 -0.0295374 -0.0373341 -0.0447646 -0.0366313
-0.0401895 -0.0150536 -0.0029375 0.0390467 -0.0725939 -0.0393447 -0.0120653 -0.0407634 -0.0827277 -0.0256826 -0.0163835 -0.0505761 -0.0340635 -0.0491797 -0.0212821 -0.0370431 -0.0335838 -0.0373486 0.0099256 0.0434954 0.0302816 -0.0300807 -0.0550592 -0.0275159 -0.0186605 -0.0413154 -0.0798771 -0.0260131 -0.0613168 -0.0131909 -0.0256256 0.0625689 -0.0493995 0.0243383 0.0045981 -0.0046930 0.0925456 -0.0584852 -0.0179841 0.0690126 0.0048534 0.9734367 -0.0297661 0.0048531 -0.0292383 -0.0229415 0.0146673 -0.0419615 0.0036499 -0.0663807 0.0119924 0.0367723 -0.0487494 0.0342407 -0.0138947 0.0148111 -0.0531127 -0.0228459 -0.0246245 -0.0090369 -0.0467818 0.0132209 -0.0056483 0.0319090 0.0205746 0.0074237 0.0220913 -0.0213637 -0.0463811 -0.0669035 -0.0307373 0.0432473 0.0385032 0.0344339 0.0653938 -0.0216009 -0.0319942 0.0394750 -0.0606007 0.0383848
-0.0493017 -0.0249964 -0.0878963 -0.0330010 -0.0325259 -0.0444318 -0.0081093 -0.0486283 -0.0448257 -0.0586162 -0.0383525 -0.0474537 0.0167722 0.0397823 -0.0208556 0.0022966 -0.0005571 -0.0096899 -0.0121702 -0.0219211 0.0166967 0.0111539 -0.0138586 -0.1163133 -0.0191297 0.0278664 0.0276893 0.0310003 -0.0533220 0.1454040 0.0718163 0.0301770 -0.0652062 -0.0063673 -0.0442249 0.0265533 -0.0349357 -0.0702346 -0.0009272 0.0038346 0.0188278 -0.0297661 1.0364892 -0.0461795 -0.0291880 -0.0151622 -0.0569294 -0.0356603 0.0118397 -0.0344039 -0.0282248 -0.0263518 0.0549994 -0.0381937 0.0005367 -0.0105129 0.0559555 -0.0299657 0.0159109 -0.0245641 0.0144531 -0.0173298 -0.0232184 -0.0583346 -0.0357112 -0.0122691 -0.0352538 0.0093133 0.0322590 -0.0425467 0.0175720 -0.0272670 -0.0084408 0.0403135 -0.0474141 -0.0056074 0.0981029 -0.0362486 -0.0336891 -0.0421468
-0.0690403 -0.0219317 -0.0435903 0.0136012 0.0039611 -0.0118184 0.0102060 -0.0593105 0.0088634 -0.0561221 -0.0012796 -0.0515972 0.0460939 -0.0573018 0.0259176 0.0059034 -0.0348125 -0.0380954 -0.0345152 0.0115604 -0.0107563 -0.0325103 0.0469414 -0.0276197 -0.0126899 0.0269339 -0.0089127 -0.0090216 0.0344722 0.0050151 0.0318399 -0.0377689 -0.0070031 -0.0084755 -0.0375187 -0.0439626 0.0238874 -0.0292848 -0.0332111 -0.0150228 -0.0227057 0.0048531 -0.0461795 0.9214039 -0.0602573 0.0063977 0.0341224 -0.0509257 -0.0156743 -0.0099754 -0.0279115 -0.0137379 0.0047296 0.0240177 0.0397823 -0.0236758 -0.0321701 -0.0151739 0.0173038 -0.0084209 -0.0478128 -0.0089562 -0.0418871 -0.0107967 -0.0040954 0.0422449 0.0009800 -0.0061899 -0.0281510 -0.0448975 -0.0104148 0.0157276 -0.0333297 -0.0013926 0.0439784 0.0115769 -0.0254593 -0.0079862 -0.0176582 -0.0444274
0.0045133 -0.0243242 -0.0182949 -0.0524374 -0.0306608 -0.0087026 0.0222243 0.0112469 -0.0371023 -0.0020459 -0.0209925 0.0094272 -0.0055941 0.0289732 0.0173184 0.0477654 -0.0070314 -0.0114819 -0.0152643 0.0027889 -0.0264297 0.0077579 -0.0487014 0.0080639 -0.0378280 -0.0037651 -0.0205114 0.0372837 0.0270140 -0.0048248 0.0243496 -0.0299552 0.0065133 -0.0579963 -0.0529112 0.0131371 -0.0350405 0.0179888 0.0784945 -0.0268140 -0.0302608 -0.0292383 -0.0291880 -0.0602573 0.9821119 0.0098482 0.0116314 0.0261009 -0.0395315 0.0139859 -0.0350932 -0.0548637 0.0023445 -0.0636551 -0.0251757 -0.0170380 -0.0353673 -0.0361858 -0.0293270 -0.0080730 -0.0051936 -0.0385168 -0.0566388 -0.0601116 -0.0058672 -0.0291758 -0.0253348 0.0160598 0.0296590 -0.0275266 -0.0242193 -0.0208871 0.0113572 -0.0687522 -0.0535556 0.0105333 0.0464515 -0.0222586 -0.0239535 -0.0033212
-0.0366818 -0.0292749 -0.0429136 0.0184595 -0.0107033 -0.0537607 -0.0512670 -0.0860018 -0.0523409 -0.0240545 -0.0286706 -0.0758147 -0.0172122 -0.0070852 -0.0214981 0.0247395 -0.0225910 -0.0353141 -0.0743490 -0.0111951 -0.0021390 -0.0394734 -0.0077804 -0.0128292 -0.0174607 -0.0064484 -0.0270610 -0.0168734 0.0355473 -0.0386488 -0.0100826 0.0233489 -0.0072228 0.0126547 0.0408816 -0.0308955 0.0413576 0.0131259 0.0426953 0.0059409 0.0049395 -0.0229415 -0.0151622 0.0063977 0.0098482 1.0393549 -0.0107971 -0.0510589 -0.0107143 -0.0233428 0.0181998 0.0358471 -0.0114077 -0.0180055 -0.0190152 -0.0134490 -0.0008299 0.0067681 -0.0097615 0.0173004 -0.0280644 0.0024097 -0.0318420 -0.0321983 0.0973506 -0.0393129 -0.0245193 0.0306904 -0.0169396 -0.0254475 -0.0652842 0.0132821 0.0034987 -0.0567927 0.0523055 -0.0060760 -0.0347825 -0.0108818 -0.0577036 -0.0486608
