0.8866913 -0.0474304 -0.0599865 -0.0532703 -0.0397701 -0.0863657 0.0509065 -0.0835438 -0.0446012 -0.0650213 -0.0828801 0.0365754 -0.0242600 -0.0929670 -0.0562268 -0.0573650 -0.0128463 -0.0875912 -0.0158510 -0.0174178 0.0734693 -0.0222588 0.0327306 0.0231599 0.0493467 -0.0489970 -0.0436329 -0.0152883 -0.0082379 0.0037703 -0.0148628 -0.0296313 -0.0263944 -0.0592391 0.0290376 -0.0143712 -0.0516482 -0.0160410 0.0872698 -0.0079357 -0.0005018 0.0506688 -0.0144369 0.0245670 0.0496536 0.0150530 -0.0183776 0.0001989 -0.0077516 -0.0084375 -0.0412975 0.0525138 0.0534460 -0.0247380 -0.0131392 -0.0334567 -0.0356994 -0.0780164 -0.0194217 0.0104210 0.0053628 0.0162782 0.0184586 -0.0089559 -0.0176858 0.0276848 0.0256058 0.0093692 -0.0463988 0.0196907 0.0192098 0.0073616 -0.0046443
-0.0474304 1.2389957 0.1292823 0.1092835 0.0333249 0.0474343 -0.0324477 0.1575366 0.0599303 0.0941226 0.1296727 -0.0202304 0.0935692 0.1029659 0.0482780 0.0838054 -0.0619515 -0.0106600 -0.0295418 -0.0741061 -0.0283779 -0.0686176 -0.0278453 -0.0960885 -0.0350521 0.0109976 -0.0603249 -0.0013817 -0.0059184 0.0253444 -0.0998849 -0.0261245 -0.0584660 -0.0164008 -0.0798741 -0.0296751 0.0294065 0.0122283 -0.0887615 -0.0422495 -0.0021822 -0.0661550 -0.0740817 -0.0775948 -0.0472288 -0.0294633 -0.0459722 -0.0363953 0.0048661 0.0509583 -0.0527166 -0.0512372 -0.0536068 -0.0583161 -0.0725525 -0.0349821 -0.0287120 0.0193362 -0.0428328 -0.0461187 -0.0206218 -0.0187844 -0.0354213 -0.0531113 -0.0562123 -0.0530676 -0.0595174 -0.0341170 -0.0781990 -0.0909663 -0.0463151 -0.0272313 -0.0812653
-0.0599865 0.1292823 1.3842444 0.0654253 0.0000133 0.1267619 -0.0568982 0.0021195 0.0143940 0.1079483 0.1774698 -0.0568538 0.0110310 0.0017556 0.0472073 0.1752898 -0.0123643 -0.0142625 -0.0045928 -0.0528811 -0.0422076 -0.0822784 0.0041179 -0.0091610 -0.0541951 -0.0630317 -0.0241899 -0.0067968 -0.0662478 0.0372492 -0.0603524 -0.0328644 -0.0360580 -0.0569179 -0.0479481 -0.0423234 -0.0334444 -0.0135139 -0.0726457 -0.0646257 -0.0571467 -0.0818807 -0.0345094 -0.0069704 -0.0642561 -0.0048432 -0.0597280 -0.0360042 -0.0233374 -0.0452774 -0.0588965 -0.0725191 -0.0569681 0.0017608 -0.0613237 -0.1335645 -0.0022824 0.1846405 -0.0523993 -0.0799970 -0.0810012 0.0062431 0.0351758 -0.0580610 -0.0438733 -0.0365097 -0.0183673 -0.0387695 -0.0370711 -0.0925178 -0.0338695 -0.0367292 -0.0586755
-0.0532703 0.1092835 0.0654253 1.3014028 0.0525415 0.0525694 -0.0406233 0.2096041 0.0808920 0.0591259 0.0519463 -0.0276465 0.1600987 0.0250729 0.0826847 0.0700861 -0.0707272 -0.0542471 -0.0300280 -0.0412493 -0.0665923 -0.0390513 -0.0278452 -0.0544031 -0.0163732 0.0130913 -0.0822868 -0.0606491 -0.0029133 -0.0150560 -0.0955501 -0.0265763 -0.0158936 -0.0220218 -0.0698089 -0.0226871 -0.0217952 -0.0138411 0.0027068 -0.0452289 -0.0160868 -0.0515805 -0.0762254 -0.0188760 -0.0309373 -0.0624864 -0.0741947 -0.1043560 -0.0806435 -0.0760998 -0.0301516 -0.0604033 -0.0409007 0.0089297 -0.0732328 -0.0041487 -0.0261807 0.0869178 0.0269343 -0.0542134 -0.0912925 0.0025746 -0.0532136 -0.0548229 -0.0951419 -0.0717246 -0.0421799 -0.0440796 -0.0636507 -0.0256394 -0.0464005 -0.0181556 0.0073396
-0.0397701 0.0333249 0.0000133 0.0525415 1.2255505 0.1484178 -0.0424435 0.0560601 0.0699346 0.0791021 0.0916413 -0.0680092 -0.0030186 0.0365921 0.1062777 0.1601223 -0.0782131 0.0101336 -0.0008645 -0.0267915 -0.0806102 -0.0028571 -0.0474852 -0.0529935 -0.0783551 -0.0402888 -0.0679815 -0.0227251 -0.0421534 -0.0106674 -0.0590096 0.0154646 0.0047026 0.0192780 -0.0207229 -0.0056728 0.0008208 -0.0156931 -0.0360800 -0.0729926 -0.0138074 -0.0526460 -0.0685953 -0.0430868 -0.0385492 -0.0502343 -0.0012854 -0.0566213 -0.0318482 -0.0500761 0.0148707 -0.0264080 -0.0477314 -0.0493324 -0.0099366 -0.0622541 -0.0783185 0.1117981 -0.0072423 -0.0432794 0.0054652 -0.0469419 -0.0424902 -0.0524888 -0.0660757 -0.0575936 -0.0288717 -0.0983580 -0.0506856 -0.0437481 -0.0931447 0.0037482 -0.0534402
-0.0863657 0.0474343 0.1267619 0.0525694 0.1484178 1.2704821 -0.0504243 0.0664211 -0.0003865 0.0283060 0.0776436 0.0222120 0.1199671 0.1651192 0.2092404 0.1717651 -0.0321525 -0.0038420 0.0096832 -0.0167037 -0.0692497 -0.0699151 -0.0435467 -0.0490343 -0.0657867 -0.0130329 -0.0231190 -0.0961984 -0.0688179 -0.0347268 -0.0545486 0.0388863 0.0057454 -0.0159750 -0.0010351 -0.0573643 -0.0343199 -0.0364058 -0.0543138 -0.0444907 -0.0748271 -0.0694333 -0.0769273 -0.0937357 -0.0685677 -0.0398547 -0.0683617 -0.0273015 -0.0260153 -0.0691548 -0.0331511 -0.0383978 -0.0995676 -0.0206863 -0.0546536 -0.0508725 -0.0223113 0.0333630 0.0116257 -0.0659624 -0.0386470 -0.0437728 -0.0096276 -0.0720610 -0.0564646 0.0074738 -0.0674126 -0.0503499 -0.0458122 -0.0523869 -0.0276452 -0.0684409 -0.0912820
0.0509065 -0.0324477 -0.0568982 -0.0406233 -0.0424435 -0.0504243 0.7333231 -0.0381134 -0.0669389 -0.0336292 -0.0270850 0.0261013 -0.0472279 -0.0680616 -0.0595860 -0.0952431 0.0053856 -0.0245795 -0.0303461 -0.0025117 0.0610984 0.0303516 -0.0272357 0.0060512 -0.0085041 -0.0139578 -0.0332935 0.0119365 -0.0203146 -0.0480298 -0.0378725 -0.0147744 -0.0182361 -0.0066429 -0.0104264 -0.0046777 -0.0180690 0.0070527 0.0428179 0.0009969 0.0202700 0.0222346 0.0215912 0.0098752 -0.0056098 0.0132936 -0.0250225 -0.0244886 -0.0185975 0.0034859 -0.0192262 -0.0308830 0.0656754 -0.0171184 -0.0200961 0.0323941 0.0217467 -0.0619105 -0.0429494 -0.0030398 0.0289041 0.0141445 0.0623983 -0.0368698 0.0481005 -0.0002615 0.0277811 -0.0095311 -0.0365257 0.0252129 0.0106863 -0.0056681 -0.0406071
-0.0835438 0.1575366 0.0021195 0.2096041 0.0560601 0.0664211 -0.0381134 1.4787745 0.0867358 0.1313187 0.1801143 -0.0575974 0.1715880 0.1614408 0.0308911 0.1594245 -0.1251607 -0.0112865 -0.0267599 -0.0582717 -0.0613561 -0.0390664 -0.0508385 -0.0231985 -0.0358981 -0.0638674 -0.0760194 -0.0488868 -0.0070226 -0.0476099 -0.0467482 -0.0698044 -0.0629594 0.0006473 -0.0184703 0.0228298 -0.0159720 0.0115552 -0.1111865 -0.0631981 -0.0510160 -0.0784198 -0.0607342 -0.0510462 -0.0524538 -0.0726547 -0.0432612 -0.0130962 -0.0270185 -0.0647232 -0.0394119 -0.0928520 -0.0627311 -0.0974881 -0.0227008 -0.0346093 -0.0855524 0.0911707 0.0146904 -0.1326385 -0.0660842 -0.0488670 -0.0354409 -0.1007175 -0.0726263 -0.0143738 -0.0737074 -0.0637289 -0.0431881 -0.0378882 -0.0901559 -0.0188726 -0.0812883
-0.0446012 0.0599303 0.0143940 0.0808920 0.0699346 -0.0003865 -0.0669389 0.0867358 1.1838875 0.0937326 0.0614325 -0.0186349 0.0856032 0.1119059 0.1065283 0.1114276 -0.0343005 -0.0540352 -0.0198583 -0.0386632 -0.1024609 -0.0001098 -0.0496324 -0.0239971 -0.0563121 -0.0224511 -0.1117653 -0.0252337 -0.0461872 -0.0195702 0.0011292 -0.0532539 -0.0201627 -0.0417122 0.0025016 -0.0182075 -0.0335840 -0.0485507 -0.0234075 -0.0661556 -0.0799732 -0.0620568 0.0038986 -0.0520472 0.0221892 -0.0583149 -0.0365737 -0.0580772 0.0040676 -0.0268539 -0.0155419 -0.0176427 -0.0451074 -0.0269812 0.0160680 -0.0465220 -0.0374280 0.0500955 -0.0492127 -0.0371362 -0.0455950 -0.0139425 -0.0252737 -0.0697166 -0.0354760 -0.0416944 -0.0300805 -0.1026013 -0.0332784 -0.0131270 -0.0728754 -0.0195357 0.0063977
-0.0650213 0.0941226 0.1079483 0.0591259 0.0791021 0.0283060 -0.0336292 0.1313187 0.0937326 1.2895470 -0.0009573 0.0275562 0.1256516 0.0293688 0.0380056 0.0904235 -0.1213460 -0.0221303 -0.0339818 -0.0459656 -0.0316601 -0.0456684 0.0141771 -0.0303016 -0.0136765 -0.0464483 -0.0038105 -0.0161505 -0.0723133 -0.0367105 -0.0435089 -0.0313216 -0.0205111 -0.0355423 -0.0390919 -0.0528517 -0.0140829 -0.0556092 -0.0590002 0.0221381 -0.0298851 -0.0591286 -0.0648745 -0.0605491 -0.0543125 -0.0671677 -0.0316122 -0.0286866 0.0066063 -0.0340776 -0.0516384 -0.0246652 -0.0608597 -0.0524029 -0.0149943 -0.0637363 -0.0387924 0.0989355 0.0179442 -0.0542017 -0.0674136 -0.0418419 -0.0361018 -0.1035608 -0.0363211 -0.0618086 -0.0186929 -0.0597406 -0.0539442 -0.0342023 -0.0404246 -0.0326979 -0.0161176
-0.0828801 0.1296727 0.1774698 0.0519463 0.0916413 0.0776436 -0.0270850 0.1801143 0.0614325 -0.0009573 1.3413115 -0.0578885 0.0872630 0.0577756 0.0621712 0.0773190 -0.0836292 -0.0166120 0.0637773 -0.0717467 -0.1107478 -0.0383049 -0.0413524 -0.0638804 -0.0401504 0.0174514 -0.0089715 -0.0716957 -0.0163188 -0.0046848 -0.0568485 -0.0947120 -0.0695884 -0.0024981 -0.0612973 -0.0286162 -0.0115004 0.0203700 -0.0590180 -0.0858859 -0.0686772 -0.1107799 -0.0604385 -0.0777563 -0.0123623 -0.0450664 -0.0441079 -0.0353389 -0.0107615 -0.0338837 -0.0037086 -0.0749936 -0.0743426 -0.0328975 0.0128830 -0.0423698 -0.0553261 0.0595596 -0.0386291 -0.0827149 -0.0813542 -0.0363519 0.0006441 -0.0359831 -0.0338715 -0.0844810 -0.0678883 -0.0470947 -0.0116215 0.0347376 -0.0535969 -0.0218797 -0.0563123
0.0365754 -0.0202304 -0.0568538 -0.0276465 -0.0680092 0.0222120 0.0261013 -0.0575974 -0.0186349 0.0275562 -0.0578885 1.0930016 -0.1026411 -0.0590228 0.0018162 -0.0697210 0.0329897 -0.0307496 -0.0324793 -0.0360075 -0.0111131 -0.0828744 -0.0210759 0.0318357 0.0326861 -0.0290389 -0.0605595 0.0186438 -0.0032244 -0.0689487 -0.0123721 -0.0387008 -0.0108056 -0.0369023 0.0430023 -0.0003638 -0.0362346 -0.0224757 -0.0736452 -0.0055484 0.0305827 -0.0296865 -0.0120289 -0.0112371 -0.0322660 0.0382433 -0.0362324 0.0063927 -0.0015556 0.0033768 0.0203667 -0.0049659 -0.0177749 -0.0454161 -0.0176191 0.0468040 -0.0242345 -0.0501715 -0.0240747 -0.0168374 -0.0293296 -0.0204453 0.0194872 0.0155858 -0.0672932 0.0042747 0.0089470 0.0559736 -0.0299930 0.0032127 0.0481896 -0.0281310 -0.0135990
-0.0242600 0.0935692 0.0110310 0.1600987 -0.0030186 0.1199671 -0.0472279 0.1715880 0.0856032 0.1256516 0.0872630 -0.1026411 1.4072402 0.0394478 0.0123241 0.0458214 -0.0641371 0.0032688 -0.0071380 -0.0808387 -0.0653535 -0.0211324 -0.0273972 -0.0519811 -0.0788448 0.0101046 -0.0609966 -0.0640294 -0.0158201 -0.0309221 -0.1000863 -0.0333271 -0.0458499 0.0172729 -0.0383626 -0.0181721 -0.0217934 -0.0152365 -0.1100216 -0.0291554 -0.0279058 -0.0641314 -0.0827862 -0.0442706 -0.0278741 -0.0621877 -0.0350732 -0.0449565 -0.0503466 -0.0183184 0.0224529 -0.0732656 -0.0431825 0.0095607 -0.0560062 -0.0825156 -0.0509213 0.1012488 -0.0094954 -0.0440237 -0.0439283 -0.0385666 -0.0260878 -0.0108653 -0.0915242 -0.0280739 -0.0493833 -0.0434984 -0.0455229 -0.0528935 -0.0817415 -0.0490668 -0.0101836
-0.0929670 0.1029659 0.0017556 0.0250729 0.0365921 0.1651192 -0.0680616 0.1614408 0.1119059 0.0293688 0.0577756 -0.0590228 0.0394478 1.2148486 0.0829811 0.0958373 -0.0076807 -0.0042252 -0.0328581 -0.0676986 -0.0165088 -0.0788008 -0.0248426 -0.0342135 -0.0303641 -0.0204062 -0.0430935 -0.0236434 -0.0300286 -0.0021618 -0.0672862 -0.0142793 -0.0064623 0.0376540 -0.0685882 -0.0529619 -0.0027102 0.0450991 -0.0454251 -0.0692078 -0.0480563 -0.0432028 -0.0480356 -0.0482872 -0.0383217 -0.1081026 -0.0230592 -0.0465952 -0.0299879 -0.0508489 -0.0444198 -0.0101982 -0.0178999 -0.0080819 -0.0343139 -0.0464178 -0.0110540 0.0357800 -0.0099161 -0.0569446 -0.0553159 -0.0460239 -0.0083455 -0.0555897 -0.0467818 -0.0342451 -0.0535735 -0.0423434 -0.0587423 -0.0447187 -0.0640429 -0.0451500 -0.0289810
-0.0562268 0.0482780 0.0472073 0.0826847 0.1062777 0.2092404 -0.0595860 0.0308911 0.1065283 0.0380056 0.0621712 0.0018162 0.0123241 0.0829811 1.3472080 0.0602956 -0.0817289 0.0169051 0.0383728 -0.0734148 -0.0379038 -0.0421717 -0.0242807 0.0288464 -0.0171993 0.0284404 -0.0557756 -0.0175268 -0.0615250 -0.0375450 -0.0761624 -0.0229002 -0.0710339 -0.0487399 -0.0017082 -0.0198398 -0.0031557 0.0275234 -0.0726311 -0.0271586 -0.0543123 -0.1060123 -0.0277865 -0.0752979 -0.0465978 -0.0180944 -0.0573733 -0.0378979 -0.0318175 -0.0271253 -0.0694072 -0.0426788 -0.1206860 -0.0344519 -0.0767815 -0.0358364 -0.0141623 0.0737078 -0.0119919 -0.0117984 -0.0404819 -0.0661959 -0.0863189 -0.0366653 -0.1121017 -0.0637498 -0.0013131 -0.0183633 -0.0407135 -0.0663047 -0.0567012 -0.0443901 -0.0375337
-0.0573650 0.0838054 0.1752898 0.0700861 0.1601223 0.1717651 -0.0952431 0.1594245 0.1114276 0.0904235 0.0773190 -0.0697210 0.0458214 0.0958373 0.0602956 1.4291869 -0.1005179 -0.0033038 0.0479562 -0.0832387 -0.0559778 -0.0417050 0.0103168 -0.0449698 -0.0002813 -0.0175767 -0.0787900 -0.0169768 -0.0566065 0.0245328 -0.0365720 -0.0031846 0.0055570 -0.0438582 -0.0348625 -0.0517626 -0.0502101 -0.0412794 -0.0617579 0.0114256 -0.0479511 -0.1198196 -0.0650047 -0.0967898 -0.0890354 -0.0606911 -0.0049306 -0.0666713 -0.0158594 -0.1031535 -0.0624605 -0.1052751 -0.0988001 -0.0406669 -0.0887586 0.0045244 -0.0331585 0.1214741 -0.0143253 -0.0749910 -0.1007167 -0.0352945 -0.0301454 -0.1275275 -0.0524482 -0.0927141 -0.0621860 -0.0819077 -0.1021233 -0.0120500 -0.0393151 0.0052789 -0.0294323
-0.0128463 -0.0619515 -0.0123643 -0.0707272 -0.0782131 -0.0321525 0.0053856 -0.1251607 -0.0343005 -0.1213460 -0.0836292 0.0329897 -0.0641371 -0.0076807 -0.0817289 -0.1005179 0.9563230 -0.0444239 -0.0456739 -0.0136801 -0.0077027 0.0233385 -0.0314453 -0.0299201 0.0440113 -0.0064564 0.0100565 0.0140110 -0.0365152 -0.0201468 -0.0382213 -0.0382537 -0.0127470 -0.0822283 0.0427551 -0.0049268 -0.0498364 -0.0318352 0.0140383 -0.0119230 0.0028145 0.0042018 0.0378269 0.0751485 0.0064227 0.0115167 -0.0044282 0.0729688 -0.0414920 0.0366922 0.0531870 0.0023088 -0.0477129 -0.0530924 -0.0547607 -0.0272713 -0.0011503 -0.0732471 -0.0440331 0.0239924 0.0551274 0.0622650 0.1184588 -0.0253042 0.0158035 -0.0114695 0.0226112 0.0296770 -0.0246478 0.0097061 0.0064910 0.0309207 0.0058986
-0.0875912 -0.0106600 -0.0142625 -0.0542471 0.0101336 -0.0038420 -0.0245795 -0.0112865 -0.0540352 -0.0221303 -0.0166120 -0.0307496 0.0032688 -0.0042252 0.0169051 -0.0033038 -0.0444239 1.0460349 0.0628643 -0.0306028 -0.0075609 -0.0414342 -0.0172039 0.0127928 0.0254737 0.0451385 0.0143889 -0.0256592 0.0132230 -0.0328019 -0.0133621 0.0395517 0.0438164 -0.0136753 0.0025632 0.0193229 -0.0034810 -0.0072077 -0.0440740 -0.0415064 -0.0438507 -0.0303901 -0.0296078 0.0048278 -0.0518594 0.0109706 0.0248251 0.0109656 -0.0319456 -0.0447159 -0.0520639 -0.0164332 -0.0254971 -0.0588891 -0.0170529 0.0324521 0.0004596 -0.0331897 0.0111273 -0.0490934 0.0075506 -0.0477037 -0.0214492 -0.0070834 -0.0586790 -0.0044653 -0.0172306 -0.0041443 -0.0289717 -0.0786865 -0.0813276 0.0325412 0.0045758
-0.0158510 -0.0295418 -0.0045928 -0.0300280 -0.0008645 0.0096832 -0.0303461 -0.0267599 -0.0198583 -0.0339818 0.0637773 -0.0324793 -0.0071380 -0.0328581 0.0383728 0.0479562 -0.0456739 0.0628643 1.0795010 -0.0365081 -0.0137255 -0.0251953 0.0104693 -0.0095237 -0.0451466 0.0361269 -0.0104528 -0.0329621 -0.0514007 0.0610291 -0.0007598 0.0463702 -0.0210665 -0.0136835 0.0239781 0.0234746 -0.0535741 -0.0090976 -0.0298288 -0.0357788 -0.0799122 -0.0625402 0.0098002 -0.0860671 -0.0298479 -0.0725106 -0.0135189 -0.0112442 0.0213876 -0.0418351 -0.0366894 -0.0085419 -0.0427185 -0.0854468 0.0069469 0.0101002 -0.0448899 0.0235197 -0.0085299 -0.0141967 0.0693123 -0.0161342 0.0416562 0.0640718 -0.0074606 -0.0170241 -0.0267149 -0.0307374 -0.0478198 -0.0509353 -0.0788449 -0.0834134 -0.0497080
-0.0174178 -0.0741061 -0.0528811 -0.0412493 -0.0267915 -0.0167037 -0.0025117 -0.0582717 -0.0386632 -0.0459656 -0.0717467 -0.0360075 -0.0808387 -0.0676986 -0.0734148 -0.0832387 -0.0136801 -0.0306028 -0.0365081 1.0854164 0.0153797 -0.0189636 -0.0055037 -0.0198524 0.0141552 -0.0460292 0.0268021 0.0046031 -0.0515006 -0.0710939 0.0456742 0.0141223 -0.0699231 0.0062325 0.0323513 -0.0010074 -0.0074282 -0.0298130 -0.0056158 0.0356106 0.0157021 0.0549134 -0.0048566 0.0238649 0.0274610 -0.0252558 -0.0192877 -0.0318485 -0.0276218 0.0056516 -0.0085477 -0.0084855 0.0049100 0.0294272 -0.0298471 0.0007393 0.0360523 -0.1208072 -0.0166570 0.0327709 -0.0226280 -0.0303989 -0.0406018 0.0022871 0.0077156 0.0807446 0.0134280 -0.0091965 0.0397218 -0.0216520 0.0222006 -0.0203737 -0.0237593
0.0734693 -0.0283779 -0.0422076 -0.0665923 -0.0806102 -0.0692497 0.0610984 -0.0613561 -0.1024609 -0.0316601 -0.1107478 -0.0111131 -0.0653535 -0.0165088 -0.0379038 -0.0559778 -0.0077027 -0.0075609 -0.0137255 0.0153797 0.9446379 -0.0142235 0.0379115 0.0063372 -0.0126825 0.0328304 0.0042692 -0.0014076 0.0732782 -0.0642565 -0.0707067 -0.0376946 0.0001774 0.0242625 -0.0524831 0.0201876 -0.0385175 0.0430165 -0.0141849 0.0137100 0.0039394 0.0258437 0.0061073 -0.0053781 0.0659817 -0.0063227 -0.0135188 -0.0226029 -0.0248377 0.0214633 -0.0634729 -0.0011512 -0.0070865 0.0293547 0.0169139 -0.0281719 -0.0418743 -0.0980223 0.0310524 0.0072912 0.0028454 -0.0066123 -0.0656804 -0.0293818 0.0186638 0.0086077 -0.0374773 -0.0247613 0.0311229 -0.0259997 0.0435180 0.0046547 -0.0332187
-0.0222588 -0.0686176 -0.0822784 -0.0390513 -0.0028571 -0.0699151 0.0303516 -0.0390664 -0.0001098 -0.0456684 -0.0383049 -0.0828744 -0.0211324 -0.0788008 -0.0421717 -0.0417050 0.0233385 -0.0414342 -0.0251953 -0.0189636 -0.0142235 0.8658653 -0.0020636 -0.0053106 -0.0821666 0.0376587 -0.0210002 -0.0069516 -0.0151574 0.0310904 0.0090143 0.0763684 -0.0450524 0.0084393 0.0118458 0.0063781 0.0561767 -0.0205378 0.0126024 -0.0469712 0.0133780 0.0099744 0.0272509 0.0126266 0.0089875 0.0120873 -0.0094184 -0.0274825 0.0248696 -0.0161978 0.0117354 0.0109587 -0.0193849 0.0056680 -0.0091507 -0.0426900 0.0084163 -0.0324843 0.0225831 -0.0270473 0.0686900 -0.0350014 -0.0352985 0.0026689 0.0114747 -0.0336999 -0.0095200 -0.0409957 -0.0372593 0.0303403 -0.0167173 0.0075381 -0.0313784
0.0327306 -0.0278453 0.0041179 -0.0278452 -0.0474852 -0.0435467 -0.0272357 -0.0508385 -0.0496324 0.0141771 -0.0413524 -0.0210759 -0.0273972 -0.0248426 -0.0242807 0.0103168 -0.0314453 -0.0172039 0.0104693 -0.0055037 0.0379115 -0.0020636 1.0412765 0.0165302 -0.0081985 -0.0067088 -0.0186783 -0.0519009 0.0178109 -0.0224825 0.0195156 0.0024136 -0.0396189 -0.0093162 -0.0257882 -0.0350803 0.0157592 -0.0406977 -0.0215998 0.0132271 -0.0117576 0.0595623 -0.0377332 0.0469645 -0.0305092 -0.0280316 -0.0131052 -0.0217950 0.0306611 -0.0161205 -0.0470822 0.0063697 -0.0017713 0.0023594 0.0069651 -0.0270470 -0.0249045 0.0101709 0.0023365 -0.0285643 -0.0247570 -0.0239489 -0.0462494 0.0169437 -0.0097286 -0.0163066 0.0309603 0.0301140 -0.0178514 0.0126121 0.0000151 -0.0098960 -0.0404781
0.0231599 -0.0960885 -0.0091610 -0.0544031 -0.0529935 -0.0490343 0.0060512 -0.0231985 -0.0239971 -0.0303016 -0.0638804 0.0318357 -0.0519811 -0.0342135 0.0288464 -0.0449698 -0.0299201 0.0127928 -0.0095237 -0.0198524 0.0063372 -0.0053106 0.0165302 0.9330766 -0.0168573 0.0295969 -0.0299340 -0.0160601 -0.0340105 0.0122108 0.0060065 0.0634772 -0.0254943 0.0380148 0.0129596 0.0200591 0.0687199 0.0381451 -0.0058807 -0.0612150 -0.0343634 -0.0156970 0.0065528 0.0305807 -0.0474204 -0.0656388 -0.0251947 -0.0103895 0.0257315 -0.0339663 -0.0373202 -0.0501978 -0.0361150 0.0174502 -0.0342716 -0.0139590 -0.0486332 -0.0291998 0.0474867 -0.0575481 0.0107708 0.0297231 -0.0515655 -0.0557470 -0.0119226 -0.0284250 -0.0333212 0.0058006 -0.0022479 -0.0036659 -0.0251798 0.0222578 0.0039531
0.0493467 -0.0350521 -0.0541951 -0.0163732 -0.0783551 -0.0657867 -0.0085041 -0.0358981 -0.0563121 -0.0136765 -0.0401504 0.0326861 -0.0788448 -0.0303641 -0.0171993 -0.0002813 0.0440113 0.0254737 -0.0451466 0.0141552 -0.0126825 -0.0821666 -0.0081985 -0.0168573 0.9369599 -0.0702694 0.0051128 -0.0078216 -0.0651057 -0.0252486 0.0165503 -0.0314562 0.0269807 -0.0334350 0.0026254 -0.0365079 0.0035662 -0.0433889 -0.0479721 0.0155642 0.0110462 -0.0004406 0.0434434 -0.0460698 0.0119927 -0.0077542 -0.0195519 0.0231161 0.0276717 -0.0042085 0.0109861 -0.0082358 0.0671015 0.0419051 -0.0245626 -0.0033697 -0.0091852 0.0040027 -0.0315326 -0.0286151 -0.0176216 -0.0372144 -0.0416773 -0.0316073 -0.0184935 -0.0227093 -0.0422029 0.0186408 -0.0318843 0.0231081 0.0115279 0.0015169 0.0280617
-0.0489970 0.0109976 -0.0630317 0.0130913 -0.0402888 -0.0130329 -0.0139578 -0.0638674 -0.0224511 -0.0464483 0.0174514 -0.0290389 0.0101046 -0.0204062 0.0284404 -0.0175767 -0.0064564 0.0451385 0.0361269 -0.0460292 0.0328304 0.0376587 -0.0067088 0.0295969 -0.0702694 0.8909893 0.0412182 -0.0828898 -0.0292037 -0.0048967 -0.0428097 -0.0476250 -0.0037096 0.0080003 0.0774453 0.0298346 -0.0075820 0.0251277 -0.0265471 0.0040506 -0.0576748 -0.0376369 -0.0420454 -0.0243699 -0.0525472 -0.0416181 -0.0025299 -0.0400368 0.0017172 -0.0170587 -0.0272967 -0.0214332 -0.0016540 -0.0245816 -0.0662967 0.0024633 0.0441980 0.0017471 -0.0004593 -0.0254375 -0.0039578 0.0228457 -0.0189647 0.0357844 -0.0460512 -0.0073451 -0.0309132 -0.0203103 0.0021456 -0.0543558 -0.0081591 0.0066991 -0.0290334
-0.0436329 -0.0603249 -0.0241899 -0.0822868 -0.0679815 -0.0231190 -0.0332935 -0.0760194 -0.1117653 -0.0038105 -0.0089715 -0.0605595 -0.0609966 -0.0430935 -0.0557756 -0.0787900 0.0100565 0.0143889 -0.0104528 0.0268021 0.0042692 -0.0210002 -0.0186783 -0.0299340 0.0051128 0.0412182 0.9963989 0.0243895 -0.0147926 -0.0123700 -0.0049368 0.0390051 -0.0267384 0.0233589 -0.0132072 -0.0633553 -0.0088176 -0.0190538 0.0290953 -0.0030361 -0.0046787 -0.0270847 -0.0246509 -0.0354874 -0.0455413 -0.0500348 0.0147931 -0.0183107 0.0185938 -0.0127992 -0.0144625 -0.0144599 0.0248405 0.0013692 0.0593562 0.0553414 0.0016464 -0.0425043 0.0037361 -0.0118904 0.0140989 -0.0267506 0.0066649 0.0245355 -0.0174839 0.0003593 0.0155290 0.0133962 0.0086091 -0.0414864 0.0206152 0.0246421 -0.0376705
-0.0152883 -0.0013817 -0.0067968 -0.0606491 -0.0227251 -0.0961984 0.0119365 -0.0488868 -0.0252337 -0.0161505 -0.0716957 0.0186438 -0.0640294 -0.0236434 -0.0175268 -0.0169768 0.0140110 -0.0256592 -0.0329621 0.0046031 -0.0014076 -0.0069516 -0.0519009 -0.0160601 -0.0078216 -0.0828898 0.0243895 0.8995014 0.0308602 0.0027488 0.0058290 -0.0192789 0.0136160 -0.0017075 0.0319112 -0.0452729 -0.0572027 0.0246443 0.0072144 -0.0336135 -0.0007658 0.0078092 -0.0400996 -0.0203159 0.0277573 -0.0035471 -0.0047474 -0.0038550 0.0077793 0.0319393 0.0406670 -0.0348043 0.0247295 0.0016767 -0.0325957 -0.0560426 -0.0135087 -0.0323129 -0.0514300 0.0440232 -0.0359921 -0.0283559 0.0135280 0.0609289 -0.0199194 -0.0226158 0.0155987 -0.0535213 -0.0009698 0.0033061 -0.0397499 -0.0179643 0.0154577
-0.0082379 -0.0059184 -0.0662478 -0.0029133 -0.0421534 -0.0688179 -0.0203146 -0.0070226 -0.0461872 -0.0723133 -0.0163188 -0.0032244 -0.0158201 -0.0300286 -0.0615250 -0.0566065 -0.0365152 0.0132230 -0.0514007 -0.0515006 0.0732782 -0.0151574 0.0178109 -0.0340105 -0.0651057 -0.0292037 -0.0147926 0.0308602 0.8446780 -0.0209884 0.0225238 -0.0291766 0.0110129 -0.0432348 -0.0149279 -0.0008187 0.0097479 -0.0136257 -0.0284504 -0.0136247 -0.0166194 -0.0262737 -0.0109487 -0.0152404 -0.0018837 0.0054692 0.0666846 0.0062419 0.0181966 0.0225990 -0.0065089 -0.0201065 0.0101419 -0.0224897 0.0514009 0.0040119 -0.0148825 -0.0293779 0.0205375 -0.0323340 0.0033336 -0.0091382 -0.0407579 0.0055203 0.0281337 0.0151595 -0.0281046 -0.0236505 -0.0081525 0.0137161 0.0113070 0.0237844 -0.0256926
0.0037703 0.0253444 0.0372492 -0.0150560 -0.0106674 -0.0347268 -0.0480298 -0.0476099 -0.0195702 -0.0367105 -0.0046848 -0.0689487 -0.0309221 -0.0021618 -0.0375450 0.0245328 -0.0201468 -0.0328019 0.0610291 -0.0710939 -0.0642565 0.0310904 -0.0224825 0.0122108 -0.0252486 -0.0048967 -0.0123700 0.0027488 -0.0209884 0.9864894 -0.0631827 0.0007401 0.0415458 -0.0178121 -0.0325492 0.0373025 0.0041145 0.0058281 -0.0237508 -0.0463961 -0.0483014 -0.0125068 0.0025536 -0.0318632 -0.0226116 -0.0229849 0.0516431 -0.0202877 0.0446116 -0.0358386 -0.0604212 -0.0710333 -0.0337648 0.0046680 0.0500224 0.0322967 -0.0170628 -0.0093040 -0.0470016 0.0019007 -0.0346868 0.0147980 -0.0568198 0.0062223 -0.0200933 0.0046416 -0.0336450 -0.0067521 0.0107746 -0.0092027 -0.0697007 -0.0392768 0.0181142
-0.0148628 -0.0998849 -0.0603524 -0.0955501 -0.0590096 -0.0545486 -0.0378725 -0.0467482 0.0011292 -0.0435089 -0.0568485 -0.0123721 -0.1000863 -0.0672862 -0.0761624 -0.0365720 -0.0382213 -0.0133621 -0.0007598 0.0456742 -0.0707067 0.0090143 0.0195156 0.0060065 0.0165503 -0.0428097 -0.0049368 0.0058290 0.0225238 -0.0631827 1.0630257 0.0243237 0.0221083 -0.0000339 -0.0306233 0.0046869 0.0008221 -0.0774580 0.0498513 -0.0120026 0.0160886 0.0349795 -0.0468272 0.0131769 -0.0220235 -0.0204201 -0.0007946 0.0199441 0.0092460 -0.0276089 -0.0051745 0.0105270 0.0579029 -0.0663984 -0.0513794 0.0253331 0.0576889 -0.0333889 -0.0081374 -0.0676831 0.0344612 -0.0001297 0.0281903 -0.0177417 0.0095019 -0.0517956 -0.0402744 0.0479933 0.0023678 0.0070587 0.0037030 0.0412091 -0.0249789
-0.0296313 -0.0261245 -0.0328644 -0.0265763 0.0154646 0.0388863 -0.0147744 -0.0698044 -0.0532539 -0.0313216 -0.0947120 -0.0387008 -0.0333271 -0.0142793 -0.0229002 -0.0031846 -0.0382537 0.0395517 0.0463702 0.0141223 -0.0376946 0.0763684 0.0024136 0.0634772 -0.0314562 -0.0476250 0.0390051 -0.0192789 -0.0291766 0.0007401 0.0243237 0.9069260 -0.0221683 -0.0005964 0.0133090 0.0000475 0.0500138 0.0023144 -0.0046872 -0.0808557 -0.0235151 -0.0126815 -0.0110123 -0.0074953 -0.0182201 -0.0458468 -0.0352129 -0.0511071 0.0187065 -0.0594265 -0.0262770 0.0004700 0.0038029 0.0063613 0.0176490 -0.0066702 -0.0259764 0.0016626 0.0189997 -0.0448528 -0.0072538 0.0062776 -0.0297266 -0.0195270 -0.0079872 -0.0519951 -0.0052022 0.0067068 -0.0324119 -0.0073790 -0.0223554 -0.0259044 -0.0328441
-0.0263944 -0.0584660 -0.0360580 -0.0158936 0.0047026 0.0057454 -0.0182361 -0.0629594 -0.0201627 -0.0205111 -0.0695884 -0.0108056 -0.0458499 -0.0064623 -0.0710339 0.0055570 -0.0127470 0.0438164 -0.0210665 -0.0699231 0.0001774 -0.0450524 -0.0396189 -0.0254943 0.0269807 -0.0037096 -0.0267384 0.0136160 0.0110129 0.0415458 0.0221083 -0.0221683 0.8971179 -0.0100020 0.0128333 -0.0015794 -0.0217003 -0.0409715 0.0116130 -0.0152981 0.0082006 -0.0000631 -0.0629440 -0.0185853 -0.0323759 0.0153849 0.0013491 0.0222996 -0.0158973 -0.0018225 -0.0625006 0.0058912 0.0125352 -0.0184403 -0.0114490 0.0193831 0.0018384 -0.0018382 -0.0237542 -0.0027676 0.0018941 -0.0144125 0.0049934 -0.0325608 0.0143979 -0.0224496 0.0157514 -0.0252227 -0.0600181 0.0249523 -0.0386431 -0.0212529 0.0506807
-0.0592391 -0.0164008 -0.0569179 -0.0220218 0.0192780 -0.0159750 -0.0066429 0.0006473 -0.0417122 -0.0355423 -0.0024981 -0.0369023 0.0172729 0.0376540 -0.0487399 -0.0438582 -0.0822283 -0.0136753 -0.0136835 0.0062325 0.0242625 0.0084393 -0.0093162 0.0380148 -0.0334350 0.0080003 0.0233589 -0.0017075 -0.0432348 -0.0178121 -0.0000339 -0.0005964 -0.0100020 0.9291085 -0.0577128 -0.0390053 0.0180007 0.0740482 -0.0452304 -0.0092321 -0.0250464 -0.0352050 -0.0445389 -0.0283900 -0.0061009 0.0007315 -0.0053393 -0.0505118 0.0088786 -0.0263639 -0.0221671 0.0000474 -0.0032088 -0.0024753 0.0042042 0.0910896 0.0073609 -0.0195989 -0.0432123 -0.0092424 0.0255136 -0.0183198 -0.0216853 0.0184882 -0.0148069 -0.0219424 -0.0140700 -0.0035567 -0.0178249 -0.0390658 -0.0505151 -0.0135066 -0.0547062
0.0290376 -0.0798741 -0.0479481 -0.0698089 -0.0207229 -0.0010351 -0.0104264 -0.0184703 0.0025016 -0.0390919 -0.0612973 0.0430023 -0.0383626 -0.0685882 -0.0017082 -0.0348625 0.0427551 0.0025632 0.0239781 0.0323513 -0.0524831 0.0118458 -0.0257882 0.0129596 0.0026254 0.0774453 -0.0132072 0.0319112 -0.0149279 -0.0325492 -0.0306233 0.0133090 0.0128333 -0.0577128 0.9910066 -0.0176806 -0.0452256 0.0039088 -0.0145893 -0.0123684 -0.0586378 -0.0538346 -0.0283290 0.0139477 -0.0754472 0.0267727 0.0327082 -0.0211423 0.0100121 0.0410567 -0.0329819 -0.0027724 -0.0051589 0.0239739 -0.0209288 -0.0495939 0.0060984 -0.0822376 -0.0617049 -0.0415042 0.1048415 -0.0485406 -0.0299711 -0.0428208 -0.0348441 0.0011204 -0.0211542 0.0075142 -0.0087895 -0.0164855 -0.0309267 -0.0176418 -0.0015321
-0.0143712 -0.0296751 -0.0423234 -0.0226871 -0.0056728 -0.0573643 -0.0046777 0.0228298 -0.0182075 -0.0528517 -0.0286162 -0.0003638 -0.0181721 -0.0529619 -0.0198398 -0.0517626 -0.0049268 0.0193229 0.0234746 -0.0010074 0.0201876 0.0063781 -0.0350803 0.0200591 -0.0365079 0.0298346 -0.0633553 -0.0452729 -0.0008187 0.0373025 0.0046869 0.0000475 -0.0015794 -0.0390053 -0.0176806 0.9928041 0.0069455 -0.0365652 0.0194175 -0.0299836 -0.0363763 -0.0255674 -0.0412004 -0.0036482 -0.0069808 -0.0367567 0.0910507 -0.0449876 0.0417646 -0.0000402 -0.0433554 -0.0551597 -0.0119403 0.0353600 0.0105968 -0.0218560 0.0455698 -0.0029451 -0.0022755 -0.0402768 0.0067250 -0.0060414 -0.0421728 -0.0723360 -0.0618832 -0.0208210 -0.0540060 0.0239119 -0.0269948 -0.0474744 0.0305338 0.0271721 -0.0778387
-0.0516482 0.0294065 -0.0334444 -0.0217952 0.0008208 -0.0343199 -0.0180690 -0.0159720 -0.0335840 -0.0140829 -0.0115004 -0.0362346 -0.0217934 -0.0027102 -0.0031557 -0.0502101 -0.0498364 -0.0034810 -0.0535741 -0.0074282 -0.0385175 0.0561767 0.0157592 0.0687199 0.0035662 -0.0075820 -0.0088176 -0.0572027 0.0097479 0.0041145 0.0008221 0.0500138 -0.0217003 0.0180007 -0.0452256 0.0069455 0.8503591 0.0120013 -0.0401629 0.0035598 -0.0349769 0.0082309 -0.0268326 -0.0465030 -0.0642659 0.0707628 0.0251519 0.0110703 -0.0255078 0.0082601 -0.0059090 -0.0636786 -0.0441442 -0.0302361 0.0262339 0.0291113 -0.0358365 -0.0550698 -0.0357393 -0.0283976 0.0160373 -0.0176981 0.0055227 0.0144461 -0.0273665 -0.0094981 -0.0020208 0.0121764 -0.0169467 -0.0256566 -0.0557743 0.0077949 -0.0280143
-0.0160410 0.0122283 -0.0135139 -0.0138411 -0.0156931 -0.0364058 0.0070527 0.0115552 -0.0485507 -0.0556092 0.0203700 -0.0224757 -0.0152365 0.0450991 0.0275234 -0.0412794 -0.0318352 -0.0072077 -0.0090976 -0.0298130 0.0430165 -0.0205378 -0.0406977 0.0381451 -0.0433889 0.0251277 -0.0190538 0.0246443 -0.0136257 0.0058281 -0.0774580 0.0023144 -0.0409715 0.0740482 0.0039088 -0.0365652 0.0120013 0.9737824 -0.0257604 -0.0571186 -0.0479756 -0.0432010 -0.0666613 -0.0633552 -0.0440460 -0.0104754 0.0490696 0.0112006 0.0099994 0.0032422 0.0009245 -0.0256720 0.0115224 -0.0640348 -0.0068124 0.0071778 -0.0393502 0.0150308 0.0188344 -0.0048900 -0.0399517 -0.0275151 -0.0050406 -0.0507552 0.0163910 -0.0655174 -0.0421426 -0.0204460 -0.0151826 -0.0003346 -0.0206229 -0.0467011 0.0119605
0.0872698 -0.0887615 -0.0726457 0.0027068 -0.0360800 -0.0543138 0.0428179 -0.1111865 -0.0234075 -0.0590002 -0.0590180 -0.0736452 -0.1100216 -0.0454251 -0.0726311 -0.0617579 0.0140383 -0.0440740 -0.0298288 -0.0056158 -0.0141849 0.0126024 -0.0215998 -0.0058807 -0.0479721 -0.0265471 0.0290953 0.0072144 -0.0284504 -0.0237508 0.0498513 -0.0046872 0.0116130 -0.0452304 -0.0145893 0.0194175 -0.0401629 -0.0257604 1.0083292 0.0148141 0.0284945 0.0257379 -0.0116283 -0.0219230 0.0167784 0.0510120 -0.0389945 0.0430223 -0.0549035 -0.0382071 0.0274274 0.0258061 0.0167741 0.0170530 -0.0629932 -0.0207778 -0.0327800 -0.0581008 -0.0097168 0.0269177 -0.0273386 -0.0235436 0.0156384 0.0155395 -0.0173234 0.0136819 0.0304033 -0.0292263 0.0284196 0.0257438 0.0300104 0.0043088 -0.0105256
-0.0079357 -0.0422495 -0.0646257 -0.0452289 -0.0729926 -0.0444907 0.0009969 -0.0631981 -0.0661556 0.0221381 -0.0858859 -0.0055484 -0.0291554 -0.0692078 -0.0271586 0.0114256 -0.0119230 -0.0415064 -0.0357788 0.0356106 0.0137100 -0.0469712 0.0132271 -0.0612150 0.0155642 0.0040506 -0.0030361 -0.0336135 -0.0136247 -0.0463961 -0.0120026 -0.0808557 -0.0152981 -0.0092321 -0.0123684 -0.0299836 0.0035598 -0.0571186 0.0148141 0.9316236 0.0420261 0.0324513 0.0241002 0.0440588 0.0348725 0.0737641 -0.0110636 -0.0254571 0.0079219 0.0506617 0.0049886 0.0155706 0.0110889 -0.0241760 -0.0445430 -0.0264296 -0.0082071 -0.0419711 -0.0148510 0.0000292 0.0070301 0.0495685 -0.0283502 -0.0427140 -0.0596486 -0.0131554 0.0218211 0.0260380 0.0128616 0.0386474 -0.0096409 -0.0240668 -0.0371327
-0.0005018 -0.0021822 -0.0571467 -0.0160868 -0.0138074 -0.0748271 0.0202700 -0.0510160 -0.0799732 -0.0298851 -0.0686772 0.0305827 -0.0279058 -0.0480563 -0.0543123 -0.0479511 0.0028145 -0.0438507 -0.0799122 0.0157021 0.0039394 0.0133780 -0.0117576 -0.0343634 0.0110462 -0.0576748 -0.0046787 -0.0007658 -0.0166194 -0.0483014 0.0160886 -0.0235151 0.0082006 -0.0250464 -0.0586378 -0.0363763 -0.0349769 -0.0479756 0.0284945 0.0420261 0.9351944 -0.0293510 0.0306398 0.0304580 -0.0302912 0.0019219 0.0109679 0.0153312 -0.0078798 0.0199527 -0.0046818 -0.0066762 -0.0322759 0.0723465 -0.0008298 -0.0188348 -0.0148978 -0.0132040 -0.0083931 0.0364436 -0.0060677 -0.0190497 -0.0408253 -0.0371396 0.0371652 -0.0026836 -0.0231206 -0.0254709 0.0155191 0.0163645 0.0548005 -0.0584494 0.0245344
0.0506688 -0.0661550 -0.0818807 -0.0515805 -0.0526460 -0.0694333 0.0222346 -0.0784198 -0.0620568 -0.0591286 -0.1107799 -0.0296865 -0.0641314 -0.0432028 -0.1060123 -0.1198196 0.0042018 -0.0303901 -0.0625402 0.0549134 0.0258437 0.0099744 0.0595623 -0.0156970 -0.0004406 -0.0376369 -0.0270847 0.0078092 -0.0262737 -0.0125068 0.0349795 -0.0126815 -0.0000631 -0.0352050 -0.0538346 -0.0255674 0.0082309 -0.0432010 0.0257379 0.0324513 -0.0293510 0.9019409 0.0042561 0.0868572 0.1191184 -0.0140367 0.0107186 0.0321167 -0.0374610 0.0295944 -0.0011798 0.0243473 0.0288076 -0.0094536 0.0319865 -0.0033414 -0.0259432 -0.1061568 -0.0088080 -0.0020073 0.0294962 0.0066924 0.0328320 -0.0440007 0.0397584 0.0365795 -0.0354499 -0.0259966 -0.0277967 -0.0100025 0.0143294 0.0098569 0.0102911
-0.0144369 -0.0740817 -0.0345094 -0.0762254 -0.0685953 -0.0769273 0.0215912 -0.0607342 0.0038986 -0.0648745 -0.0604385 -0.0120289 -0.0827862 -0.0480356 -0.0277865 -0.0650047 0.0378269 -0.0296078 0.0098002 -0.0048566 0.0061073 0.0272509 -0.0377332 0.0065528 0.0434434 -0.0420454 -0.0246509 -0.0400996 -0.0109487 0.0025536 -0.0468272 -0.0110123 -0.0629440 -0.0445389 -0.0283290 -0.0412004 -0.0268326 -0.0666613 -0.0116283 0.0241002 0.0306398 0.0042561 1.0370910 0.0303272 0.0266017 -0.0150116 -0.0156046 0.0100658 0.0223314 -0.0141854 0.0160476 0.0003350 0.0379333 0.0029808 0.0260562 -0.0104173 -0.0194383 -0.0505383 -0.0303875 0.0321213 0.0120463 -0.0056393 -0.0128911 0.0389547 0.0072102 -0.0054263 0.0128680 -0.0088502 0.0041631 0.0223367 -0.0142906 -0.0317397 0.0034153
0.0245670 -0.0775948 -0.0069704 -0.0188760 -0.0430868 -0.0937357 0.0098752 -0.0510462 -0.0520472 -0.0605491 -0.0777563 -0.0112371 -0.0442706 -0.0482872 -0.0752979 -0.0967898 0.0751485 0.0048278 -0.0860671 0.0238649 -0.0053781 0.0126266 0.0469645 0.0305807 -0.0460698 -0.0243699 -0.0354874 -0.0203159 -0.0152404 -0.0318632 0.0131769 -0.0074953 -0.0185853 -0.0283900 0.0139477 -0.0036482 -0.0465030 -0.0633552 -0.0219230 0.0440588 0.0304580 0.0868572 0.0303272 1.0210866 -0.0034919 0.0009540 -0.0334535 0.0019472 0.0012018 0.0004320 0.0013533 -0.0201716 -0.0437232 0.0426581 -0.0525264 -0.0517602 -0.0328227 -0.0516131 -0.0230923 -0.0021637 -0.0056411 -0.0064523 -0.0181436 0.0246056 0.0037475 0.0417445 0.0315881 0.0246431 -0.0105612 -0.0067772 -0.0182865 -0.0062125 -0.0000822
0.0496536 -0.0472288 -0.0642561 -0.0309373 -0.0385492 -0.0685677 -0.0056098 -0.0524538 0.0221892 -0.0543125 -0.0123623 -0.0322660 -0.0278741 -0.0383217 -0.0465978 -0.0890354 0.0064227 -0.0518594 -0.0298479 0.0274610 0.0659817 0.0089875 -0.0305092 -0.0474204 0.0119927 -0.0525472 -0.0455413 0.0277573 -0.0018837 -0.0226116 -0.0220235 -0.0182201 -0.0323759 -0.0061009 -0.0754472 -0.0069808 -0.0642659 -0.0440460 0.0167784 0.0348725 -0.0302912 0.1191184 0.0266017 -0.0034919 0.8100356 0.0175341 -0.0532344 -0.0048056 -0.0006853 -0.0008373 0.0249960 0.0575027 0.0294007 0.0223822 0.0353096 -0.0312019 -0.0296427 -0.0742786 -0.0451269 0.0187273 -0.0532427 0.0106841 -0.0286757 0.0077788 0.0111320 0.0569616 -0.0062585 -0.0312536 0.0207554 -0.0212561 0.0256679 -0.0264393 0.0547412
0.0150530 -0.0294633 -0.0048432 -0.0624864 -0.0502343 -0.0398547 0.0132936 -0.0726547 -0.0583149 -0.0671677 -0.0450664 0.0382433 -0.0621877 -0.1081026 -0.0180944 -0.0606911 0.0115167 0.0109706 -0.0725106 -0.0252558 -0.0063227 0.0120873 -0.0280316 -0.0656388 -0.0077542 -0.0416181 -0.0500348 -0.0035471 0.0054692 -0.0229849 -0.0204201 -0.0458468 0.0153849 0.0007315 0.0267727 -0.0367567 0.0707628 -0.0104754 0.0510120 0.0737641 0.0019219 -0.0140367 -0.0150116 0.0009540 0.0175341 0.7930607 -0.0019851 -0.0054018 -0.0880648 0.0340469 0.0051711 0.0227407 -0.0069314 -0.0069811 -0.0241627 -0.0466119 -0.0292122 -0.0588920 -0.0491564 -0.0076149 0.0001138 0.0030890 0.0425626 0.0280229 0.0232612 0.0026600 0.0341605 -0.0055128 0.0401017 0.0301680 0.0357163 0.0140950 0.0205298
-0.0183776 -0.0459722 -0.0597280 -0.0741947 -0.0012854 -0.0683617 -0.0250225 -0.0432612 -0.0365737 -0.0316122 -0.0441079 -0.0362324 -0.0350732 -0.0230592 -0.0573733 -0.0049306 -0.0044282 0.0248251 -0.0135189 -0.0192877 -0.0135188 -0.0094184 -0.0131052 -0.0251947 -0.0195519 -0.0025299 0.0147931 -0.0047474 0.0666846 0.0516431 -0.0007946 -0.0352129 0.0013491 -0.0053393 0.0327082 0.0910507 0.0251519 0.0490696 -0.0389945 -0.0110636 0.0109679 0.0107186 -0.0156046 -0.0334535 -0.0532344 -0.0019851 0.9028776 -0.0027623 -0.0224071 -0.0289108 0.0015424 -0.0499062 -0.0408708 -0.0306935 0.0383386 -0.0061640 0.0627777 -0.0250846 -0.0181337 -0.0640918 -0.0087997 -0.0258892 -0.0425838 -0.0480917 -0.0029496 0.0017504 -0.0210641 -0.0583228 0.0037646 -0.0469414 0.0199874 0.0377288 0.0358686
0.0001989 -0.0363953 -0.0360042 -0.1043560 -0.0566213 -0.0273015 -0.0244886 -0.0130962 -0.0580772 -0.0286866 -0.0353389 0.0063927 -0.0449565 -0.0465952 -0.0378979 -0.0666713 0.0729688 0.0109656 -0.0112442 -0.0318485 -0.0226029 -0.0274825 -0.0217950 -0.0103895 0.0231161 -0.0400368 -0.0183107 -0.0038550 0.0062419 -0.0202877 0.0199441 -0.0511071 0.0222996 -0.0505118 -0.0211423 -0.0449876 0.0110703 0.0112006 0.0430223 -0.0254571 0.0153312 0.0321167 0.0100658 0.0019472 -0.0048056 -0.0054018 -0.0027623 0.8034915 -0.0210878 0.0310263 -0.0495301 0.0317229 -0.0007778 -0.0363413 0.0289330 -0.0144723 -0.0376328 -0.0471253 -0.0581280 0.0533090 0.0265897 0.0058789 0.0247278 -0.0140987 0.0149443 0.0232749 -0.0023087 0.0064724 -0.0213689 -0.0018661 0.0053373 -0.0199294 0.0325462
-0.0077516 0.0048661 -0.0233374 -0.0806435 -0.0318482 -0.0260153 -0.0185975 -0.0270185 0.0040676 0.0066063 -0.0107615 -0.0015556 -0.0503466 -0.0299879 -0.0318175 -0.0158594 -0.0414920 -0.0319456 0.0213876 -0.0276218 -0.0248377 0.0248696 0.0306611 0.0257315 0.0276717 0.0017172 0.0185938 0.0077793 0.0181966 0.0446116 0.0092460 0.0187065 -0.0158973 0.0088786 0.0100121 0.0417646 -0.0255078 0.0099994 -0.0549035 0.0079219 -0.0078798 -0.0374610 0.0223314 0.0012018 -0.0006853 -0.0880648 -0.0224071 -0.0210878 0.9734429 -0.0409361 -0.0637092 -0.0476452 -0.0301305 -0.0008287 -0.0121814 0.0036249 -0.0534334 -0.0285631 -0.0253396 -0.0260216 0.0226284 -0.0245849 -0.0734232 -0.0228894 -0.0618699 0.0412971 -0.0468361 -0.0211164 -0.0062772 -0.0183779 0.0333265 -0.0122234 -0.0411121
-0.0084375 0.0509583 -0.0452774 -0.0760998 -0.0500761 -0.0691548 0.0034859 -0.0647232 -0.0268539 -0.0340776 -0.0338837 0.0033768 -0.0183184 -0.0508489 -0.0271253 -0.1031535 0.0366922 -0.0447159 -0.0418351 0.0056516 0.0214633 -0.0161978 -0.0161205 -0.0339663 -0.0042085 -0.0170587 -0.0127992 0.0319393 0.0225990 -0.0358386 -0.0276089 -0.0594265 -0.0018225 -0.0263639 0.0410567 -0.0000402 0.0082601 0.0032422 -0.0382071 0.0506617 0.0199527 0.0295944 -0.0141854 0.0004320 -0.0008373 0.0340469 -0.0289108 0.0310263 -0.0409361 1.0516043 0.0109673 0.0768005 -0.0011898 0.0062973 0.0042465 -0.0726928 0.0519478 -0.0566268 -0.0318723 -0.0069989 0.0494713 -0.0262235 0.0174276 -0.0280767 0.0049398 0.0224028 -0.0150333 -0.0081267 -0.0293760 -0.0336632 0.0077114 -0.0348655 -0.0061450
-0.0412975 -0.0527166 -0.0588965 -0.0301516 0.0148707 -0.0331511 -0.0192262 -0.0394119 -0.0155419 -0.0516384 -0.0037086 0.0203667 0.0224529 -0.0444198 -0.0694072 -0.0624605 0.0531870 -0.0520639 -0.0366894 -0.0085477 -0.0634729 0.0117354 -0.0470822 -0.0373202 0.0109861 -0.0272967 -0.0144625 0.0406670 -0.0065089 -0.0604212 -0.0051745 -0.0262770 -0.0625006 -0.0221671 -0.0329819 -0.0433554 -0.0059090 0.0009245 0.0274274 0.0049886 -0.0046818 -0.0011798 0.0160476 0.0013533 0.0249960 0.0051711 0.0015424 -0.0495301 -0.0637092 0.0109673 0.9379087 -0.0335305 0.0234173 -0.0476037 -0.0413246 -0.0115300 0.0264567 -0.0446170 0.0402170 0.0058542 -0.0616656 0.0233161 0.0558227 -0.0110907 -0.0225669 0.0498897 0.0301466 0.0121270 -0.0020740 0.0278129 -0.0023681 -0.0498432 0.0393269
