0.9248068 -0.0136097 0.0499921 -0.0081560 -0.0454933 -0.0560117 -0.0548598 -0.0245426 -0.0264578 -0.0470450 -0.0434379 -0.0426180 -0.0638349 -0.0519518 0.0198900 -0.0444021 -0.0546036 -0.0441771 -0.0529483 -0.0137375 -0.0621193 -0.0440552 -0.0443232 -0.0387704 0.0422400 -0.0361352 -0.0226980 -0.0497102 -0.0654164 -0.0448255 -0.0789793 -0.0073258 -0.0241574 -0.0278975 -0.0085431 -0.0364549 -0.0113267 -0.0302018 -0.0195630 0.0345700 0.0039427 0.0023137 0.0446456 -0.0147255 0.0219332 -0.0215363 -0.0010583 -0.0272612 0.0171902 0.0039185 -0.0072547 0.0077730 0.0119251 -0.0126200 -0.0006552 -0.0270594 -0.0320512 0.0338098 0.0161668 0.0555864 0.0046518 0.0537184 -0.0132931 -0.0046505 0.0316568 -0.0209497 -0.0087669 0.0137996 -0.0196507 -0.0213749 -0.0372824 -0.0143853 0.0011055 -0.0125597 0.0049678 -0.0080221 0.0392582 0.0104984 0.0037207 0.0134126 -0.0177226 -0.0295886 0.0032590 0.0219309 -0.0102036 -0.0076597 -0.0087153 0.0202074 0.0081917 0.0770916 -0.0194694 -0.0382580 -0.0290610 -0.0380621 -0.0080253 0.0098041 -0.0363722 -0.0164220 0.0271748 0.0180743 0.0489517 0.0120548 0.0219242 0.0000425 -0.0035155 0.0358117 0.0398563 0.0173075 0.0028144 -0.0107992 -0.0007864 0.0322770 -0.0109266 0.0137660 -0.0180386 -0.0043874 0.0057726 0.0192922 0.0036518 0.0252349 0.0194621 0.0010079 0.0428355 -0.0013254 0.0299291 0.0060151 0.0039938 -0.0013442 -0.0116017 0.0049974 -0.0464624 0.0234138 0.0259033 -0.0703823 -0.0116876 0.0090962 -0.0126524 -0.0185451 -0.0482583 0.0178368 0.0265756 0.0078281 0.0087983 0.0109829 0.0150070 0.0072276 0.0024477 0.0241793 0.0366350 0.0767786 0.0077647 0.0077494 0.0249171 0.0399451 0.0334233 -0.0075883 -0.0451969 0.0051947 0.0059165 -0.0346046 0.0048546
-0.0136097 1.5094620 -0.0270179 0.0771447 0.0724725 0.1002741 0.1430148 0.0510543 0.0009473 0.1286286 0.0603602 0.0881883 0.1015646 0.0953699 -0.0480132 0.0766519 0.0631323 0.0802810 0.0916329 0.0209745 0.0745225 0.0852399 0.0458299 0.0934404 -0.0418238 0.0525646 0.0197290 0.0547752 0.1097208 0.0836387 0.0600214 -0.0477783 0.0799842 -0.0529787 -0.0056732 -0.0572716 0.0124886 -0.0100695 0.0137689 -0.0449824 -0.0475665 -0.0000272 -0.0456357 -0.0516322 -0.0170263 -0.0335788 -0.0425187 0.0138857 -0.0281822 -0.0395151 -0.0435628 -0.0557034 -0.0378500 -0.0328873 0.0152685 -0.0241574 -0.0302916 -0.0350519 -0.0058964 -0.0231252 -0.0062754 -0.0132752 -0.0154875 -0.0281633 -0.0182557 -0.0155929 -0.0670072 -0.0374454 -0.0411608 -0.0419087 -0.0153120 -0.0192552 -0.0394419 -0.0490794 -0.0202878 -0.0578740 -0.0522380 -0.0417980 -0.0492059 -0.0304681 -0.0320301 -0.0191574 -0.0096894 -0.0389600 -0.0008536 -0.0363334 -0.0204269 -0.0277854 0.0298971 -0.0265420 0.0018127 0.0276464 0.0686727 0.0344017 -0.0526427 -0.0450762 -0.0522210 -0.0133406 -0.0516032 -0.0262381 -0.0442130 -0.0602396 -0.0374642 -0.0290268 0.0035198 -0.0465146 -0.0094958 -0.0078952 -0.0376511 -0.0373280 -0.0248368 -0.0275727 -0.0132892 -0.0231252 -0.0240929 -0.0015118 -0.0273997 -0.0264523 -0.0327154 -0.0178692 -0.0278962 -0.0288435 -0.0374251 -0.0363168 -0.0348817 -0.0055036 -0.0670577 -0.0251848 -0.0171025 -0.0350201 -0.0589945 -0.0273693 -0.0195760 0.0978554 0.0282050 -0.0232434 -0.0192247 -0.0400575 0.0976800 -0.0340457 -0.0691911 -0.0198511 -0.0364327 -0.0229280 -0.0429576 -0.0433244 -0.0240498 -0.0113206 -0.0342561 -0.0214917 -0.0350814 -0.0224152 -0.0181940 -0.0173445 -0.0619917 -0.0349802 -0.0509901 -0.0324538 -0.0277293 0.1093590 -0.0031863
0.0499921 -0.0270179 0.8156090 -0.0495585 -0.0582804 -0.0440473 -0.0357578 -0.0318480 0.0135709 -0.0161937 -0.0345268 -0.0297612 -0.0679596 -0.0551543 0.0126164 -0.0302392 -0.0131065 -0.0231929 -0.0354198 -0.0267662 -0.0164765 -0.0501806 -0.0555422 -0.0405947 0.0236504 0.0100449 -0.0464753 -0.0148918 -0.0331589 -0.0484327 -0.0164599 -0.0143908 -0.0167701 -0.0157417 -0.0381228 0.0176393 0.0041048 -0.0070803 -0.0016025 -0.0245368 0.0603959 0.0302351 0.0380716 0.0282533 -0.0273108 -0.0349905 -0.0247585 0.0066902 -0.0056502 -0.0303650 0.0003152 0.0052967 0.0550406 -0.0368977 0.0053816 -0.0095890 -0.0326902 0.0092443 0.0585638 0.0102094 0.0048060 -0.0241513 -0.0406442 -0.0227459 0.0053030 -0.0227495 -0.0277064 0.0467081 -0.0542158 0.0203739 -0.0236406 0.0002373 -0.0194054 -0.0192777 0.0682312 -0.0059383 0.0152060 -0.0104007 -0.0325192 0.0167970 0.0061507 0.0004504 -0.0112297 0.0150080 0.0243855 -0.0218391 -0.0197326 -0.0220725 0.0047330 -0.0066055 -0.0091958 -0.0043855 -0.0214673 -0.0207417 0.0095993 -0.0540116 -0.0256319 -0.0223840 0.0515107 -0.0092947 0.0052785 0.0146789 0.0361031 0.0354612 -0.0080382 0.0223771 0.0236119 0.0185404 0.0073395 -0.0117908 -0.0301386 -0.0052050 -0.0010089 -0.0202644 -0.0073585 0.0048471 0.0075748 0.0295355 0.0501094 0.0176704 -0.0060400 0.0267460 -0.0281880 0.0292442 0.0025575 -0.0017131 0.0094987 0.0174035 -0.0219874 -0.0219038 -0.0161514 0.0017459 -0.0005570 -0.0592112 -0.0198570 0.0244678 -0.0065147 0.0122821 -0.0440698 0.0221181 -0.0061971 0.0374790 0.0162654 0.0031235 -0.0078932 0.0365161 0.0335990 0.0101571 0.0131121 0.0059781 0.0204868 0.0116651 -0.0037214 0.0079211 -0.0163350 0.0018611 -0.0232649 -0.0018941 0.0193554 -0.0430568 0.0170784
-0.0081560 0.0771447 -0.0495585 1.4179085 0.0800952 0.1109267 0.1150474 0.0886457 -0.0302664 0.1542374 0.1184183 0.0508433 0.1214198 0.0858616 -0.0193028 0.1011681 0.0648759 0.0339170 0.0585551 0.0794413 0.1316168 0.1136840 0.1337041 0.1306857 -0.0107683 0.1083247 0.0482459 0.0623843 0.0736261 0.0712851 0.0620648 -0.0518104 0.1507824 -0.0420821 -0.0036961 0.0116576 0.0132467 -0.0320017 -0.0324559 -0.0527250 -0.0197510 -0.0192975 -0.0386961 -0.0261637 -0.0408720 -0.0427927 -0.0595416 0.0127159 -0.0417216 -0.0244268 -0.0365296 -0.0534754 -0.0215328 -0.0238842 -0.0576901 -0.0670064 -0.0483799 -0.0391865 -0.0416353 -0.0344482 -0.0145642 -0.0607117 -0.0032552 -0.0199952 -0.0686793 -0.0148657 -0.0361961 -0.0360072 -0.0235975 -0.0207051 -0.0050448 -0.0343637 -0.0655637 -0.0185425 -0.0482103 -0.0132297 -0.0508408 -0.0482645 -0.0135237 -0.0088294 -0.0263171 -0.0420258 -0.0384083 -0.0152553 -0.0207360 -0.0081405 -0.0320532 0.0054046 -0.0280078 -0.0765859 -0.0237429 0.0532472 0.0878302 0.0868573 0.0003640 -0.0586576 0.0046017 -0.0055804 -0.0649582 -0.0438850 -0.0386246 -0.0150822 -0.0557040 -0.0135713 -0.0359273 -0.0560438 -0.0666958 -0.0388387 -0.0314329 -0.0286887 -0.0157738 -0.0312187 -0.0100317 -0.0491855 -0.0395167 0.0423249 -0.0326865 -0.0441167 -0.0398668 -0.0330674 -0.0454276 -0.0571622 -0.0428255 -0.0551552 -0.0373662 -0.0636080 -0.0635087 -0.0524731 -0.0250527 -0.0487889 -0.0349776 -0.0666007 -0.0289623 0.0621237 -0.0359671 -0.0373508 -0.0090925 -0.0390202 0.0494782 -0.0206676 -0.0059706 -0.0461952 -0.0315303 -0.0398578 -0.0526754 -0.0547404 -0.0368568 -0.0413250 -0.0189188 -0.0668251 -0.0832203 -0.0496914 -0.0168597 -0.0113822 -0.0537844 -0.0286065 -0.0228889 -0.0599985 -0.0386921 0.0737522 -0.0288753
-0.0454933 0.0724725 -0.0582804 0.0800952 1.2327088 0.0472908 0.1096850 0.0918595 -0.0473278 0.0611166 0.0979233 0.0772287 0.1316738 0.0465465 -0.0470285 0.1493822 0.0615267 0.0444086 0.0344000 0.0885528 0.1048770 0.0081830 0.1132081 0.0559613 -0.0610814 0.0482299 0.0545020 0.0830138 0.1315966 0.0899694 0.0792218 -0.0509702 0.0779085 -0.0089629 -0.0146386 -0.0281725 0.0129358 0.0024498 -0.0067393 -0.0547101 -0.0474180 -0.0024156 -0.0237183 -0.0517084 -0.0252985 0.0008341 -0.0574231 -0.0176974 -0.0206243 -0.0464454 -0.0099454 -0.0349158 -0.0241779 -0.0328095 0.0026243 -0.0111351 0.0086038 -0.0290099 -0.0513360 -0.0421611 0.0188249 0.0028348 -0.0058407 -0.0264844 -0.0507252 0.0023929 -0.0437510 0.0084180 -0.0293184 -0.0501471 -0.0177177 -0.0058343 -0.0529579 -0.0164269 -0.0142598 -0.0153757 -0.0602107 -0.0407674 -0.0360503 -0.0325934 -0.0606936 -0.0105705 -0.0236959 -0.0444339 0.0014751 -0.0193197 -0.0369590 -0.0346272 -0.0379794 -0.0418975 -0.0224413 0.0309201 0.1278433 0.1317559 -0.0531603 -0.0348348 -0.0154569 -0.0345235 -0.0491112 -0.0760332 -0.0536516 -0.0654411 -0.0602885 -0.0418875 -0.0221629 -0.0318889 -0.0351982 -0.0485403 -0.0541218 0.0023440 -0.0233510 -0.0394690 -0.0260588 -0.0245608 0.0026428 -0.0343530 -0.0440766 -0.0500694 -0.0791379 -0.0531930 -0.0419162 -0.0419265 -0.0352575 -0.0541103 -0.0325189 -0.0173755 -0.0409864 -0.0510979 -0.0189093 -0.0448517 -0.0160530 -0.0547496 -0.0278435 0.1394165 0.0269121 -0.0497783 -0.0185991 -0.0135380 0.1098873 -0.0089781 -0.0092634 -0.0358293 -0.0170213 -0.0350972 -0.0454064 -0.0593417 0.0052208 -0.0395399 -0.0525949 -0.0485292 -0.0352703 -0.0326668 -0.0355898 -0.0100031 -0.0257664 -0.0159381 -0.0191236 -0.0549107 -0.0298959 0.0519948 -0.0179451
-0.0560117 0.1002741 -0.0440473 0.1109267 0.0472908 1.4160964 0.0420478 0.0896189 -0.0465492 0.1024458 0.1360373 0.0431725 0.0557413 0.1308864 -0.0696063 0.0422144 0.0528418 0.1256070 0.0292665 0.0845751 0.0744952 0.1133727 0.0668964 0.0608816 -0.0197081 0.0539257 0.0365205 0.0553520 0.0881320 0.0182638 0.0863157 0.0036380 0.0551045 -0.0330017 -0.0314020 -0.0407833 -0.0623278 -0.0218826 -0.0372262 -0.0212318 -0.0501375 0.0153125 -0.0418545 -0.0451384 -0.0426254 -0.0176569 -0.0390147 -0.0253172 -0.0382578 0.0130701 -0.0491880 -0.0584434 -0.0076417 -0.0166748 0.0279063 -0.0102927 0.0035378 -0.0252139 -0.0525877 -0.0403560 -0.0350516 -0.0122610 -0.0057879 -0.0354982 -0.0697939 -0.0295926 -0.0372435 -0.0452308 0.0035261 -0.0396373 -0.0153109 -0.0273116 -0.0691425 -0.0438652 0.0317150 -0.0396180 -0.0057334 -0.0354755 -0.0135463 -0.0107827 -0.0126650 -0.0284744 -0.0374626 -0.0247223 -0.0049607 -0.0534386 -0.0262615 -0.0482581 0.0541620 -0.0392875 -0.0343599 0.0812831 0.0966068 0.0808120 0.0100412 -0.0316642 0.0086746 -0.0212880 -0.0325436 -0.0463306 -0.0541668 -0.0253201 -0.0272694 -0.0373770 -0.0238369 -0.0485613 -0.0607178 -0.0285585 -0.0466727 -0.0310557 0.0014142 -0.0482345 -0.0056038 -0.0291565 -0.0389647 -0.0070694 -0.0298974 -0.0434805 -0.0543884 -0.0311269 -0.0608987 -0.0422392 -0.0434535 -0.0483391 -0.0443120 -0.0561238 -0.0594295 -0.0515979 -0.0086893 -0.0510457 -0.0097846 0.0093828 -0.0369041 0.0526446 -0.0263890 -0.0292669 -0.0508357 -0.0367267 0.0614041 -0.0175471 0.0102732 -0.0192425 -0.0366294 -0.0286709 -0.0403931 -0.0254657 0.0056544 -0.0462294 -0.0758019 -0.0129488 -0.0590279 -0.0299525 -0.0117807 -0.0123772 -0.0297421 -0.0406309 -0.0282384 -0.0625989 -0.0338516 0.0409805 0.0147430
-0.0548598 0.1430148 -0.0357578 0.1150474 0.1096850 0.0420478 1.7408597 0.0655310 -0.0008403 0.0016947 0.1231094 0.0486817 0.0716679 0.0865367 -0.0365139 0.0692878 0.0584377 0.0580302 0.0894285 0.1392066 0.1301413 0.0254699 0.1170653 0.0793527 -0.0422025 0.0592596 0.0459722 0.1335297 0.0376178 0.0866820 0.0765007 -0.0408261 0.0139514 -0.0531027 -0.0135248 -0.0605564 0.0081385 -0.0474709 -0.0100713 -0.0584663 -0.0299362 -0.0508510 -0.0531793 -0.0465186 -0.0434755 -0.0393231 -0.0199988 -0.0296419 -0.0308284 -0.0518490 -0.0127622 -0.0430788 -0.0081226 -0.0242570 -0.0467199 -0.0133532 -0.0195530 -0.0074053 -0.0298344 -0.0388097 -0.0296198 -0.0517424 -0.0111124 -0.0218621 -0.0225799 -0.0045652 -0.0151087 -0.0137711 -0.0407098 -0.0367870 -0.0122380 -0.0217890 -0.0439440 -0.0339231 -0.0523695 -0.0496400 -0.0405767 -0.0427555 -0.0203955 -0.0269838 -0.0181127 -0.0229222 -0.0258966 -0.0540135 -0.0056542 0.0108850 -0.0250980 -0.0343574 -0.0327081 -0.0431636 -0.0363182 0.0306608 0.0196286 -0.0112995 -0.0052281 -0.0470795 -0.0051705 -0.0005568 -0.0486922 -0.0623134 -0.0151633 -0.0645868 -0.0396787 0.0127801 -0.0222730 -0.0316353 -0.0313791 -0.0591904 -0.0226275 -0.0376443 -0.0484235 -0.0448522 0.0192583 -0.0310980 -0.0450036 -0.0286606 -0.0457143 -0.0244099 -0.0211410 -0.0416700 -0.0273628 -0.0229542 -0.0122642 -0.0503503 -0.0412426 -0.0060258 -0.0423502 -0.0371460 -0.0711484 -0.0126921 -0.0047008 -0.0516914 -0.0143723 0.1178579 -0.0402886 -0.0452542 -0.0415163 -0.0066568 0.0080842 -0.0343070 -0.0156396 0.0069621 -0.0542665 -0.0408093 -0.0472439 -0.0320096 -0.0341572 -0.0223436 -0.0444487 -0.0379019 -0.0718856 -0.0304803 -0.0323862 -0.0191632 -0.0253206 -0.0256720 -0.0286919 -0.0562734 -0.0515706 0.0499255 -0.0343922
-0.0245426 0.0510543 -0.0318480 0.0886457 0.0918595 0.0896189 0.0655310 1.2770537 -0.0411702 0.1222532 0.1046490 0.0418698 0.0566186 0.0918652 -0.0343346 0.1297925 0.1267756 0.1184452 0.0795968 0.0800915 0.0759957 0.0543365 0.1046476 0.0502343 -0.0183829 0.1227091 0.0665619 0.0900200 0.1121432 0.0651060 0.0879839 -0.0589384 0.0237461 -0.0413771 -0.0095225 -0.0064669 -0.0024417 0.0251601 -0.0080021 -0.0460164 -0.0406265 -0.0509528 -0.0411772 -0.0284427 -0.0298976 -0.0396694 -0.0248169 0.0117818 -0.0414185 -0.0148343 -0.0323075 -0.0424684 -0.0395685 -0.0431932 -0.0236764 -0.0452973 0.0069923 -0.0309579 -0.0333429 -0.0493873 -0.0199815 -0.0356859 -0.0354444 -0.0411761 -0.0311804 -0.0378465 -0.0515620 -0.0364731 0.0081473 -0.0519505 -0.0020532 -0.0442615 -0.0296593 -0.0027322 -0.0047339 -0.0459322 0.0018950 -0.0681458 -0.0169092 -0.0510132 -0.0447574 -0.0248863 -0.0753651 -0.0451484 -0.0262623 -0.0116645 -0.0331258 -0.0726297 0.0060469 -0.0635533 0.0013528 0.1415282 0.0659843 0.0605703 -0.0536917 0.0027650 -0.0175659 -0.0396977 -0.0432752 -0.0307226 -0.0361832 -0.0463298 -0.0744554 -0.0075799 -0.0694002 -0.0682031 -0.0536922 -0.0177000 -0.0009747 -0.0287999 -0.0249697 -0.0505446 -0.0303209 -0.0448363 -0.0515039 -0.0254257 -0.0127282 -0.0462758 -0.0401854 -0.0541550 -0.0219852 -0.0275504 -0.0482840 -0.0101025 -0.0305800 -0.0391793 -0.0217279 -0.0313527 -0.0420556 -0.0316813 -0.0360924 -0.0047836 -0.0254278 0.0499867 -0.0450372 -0.0320192 -0.0267347 -0.0075514 0.0454358 -0.0062145 -0.0059548 -0.0430133 -0.0473076 -0.0279139 -0.0392743 -0.0297568 0.0031404 -0.0230157 -0.0470742 -0.0430594 -0.0114524 -0.0523794 0.0040522 -0.0416541 -0.0313330 -0.0414774 -0.0109971 -0.0461018 -0.0537327 0.1177918 -0.0288570
-0.0264578 0.0009473 0.0135709 -0.0302664 -0.0473278 -0.0465492 -0.0008403 -0.0411702 1.0018402 -0.0502617 -0.0355110 -0.0336577 -0.0458045 -0.0451530 0.0516971 -0.0142691 -0.0309501 -0.0148707 -0.0394985 -0.0277889 -0.0392254 -0.0310398 -0.0462941 -0.0546933 -0.0166422 -0.0569445 -0.0441740 -0.0297779 -0.0181515 -0.0411704 -0.0418276 0.0190114 -0.0291453 -0.0211095 0.0167826 -0.0101973 -0.0265476 0.0043607 -0.0027417 -0.0277681 0.0330856 -0.0430077 -0.0079065 0.0273064 -0.0163268 -0.0114140 -0.0305241 0.0131380 0.0098576 -0.0316373 0.0273299 0.0202306 -0.0011614 -0.0069055 0.0089487 -0.0112760 0.0622539 -0.0076055 0.0393199 0.0234387 0.0452810 -0.0166550 0.0228974 0.0005057 0.0112664 -0.0125496 0.0152572 0.0020330 0.0164563 -0.0273944 -0.0190042 -0.0178544 0.0138310 -0.0110329 0.0262648 -0.0150377 0.0108386 0.0548380 0.0082883 -0.0226789 0.0089049 -0.0369625 0.0018423 0.0220622 0.0078660 -0.0108204 0.0096268 0.0152312 0.0018670 -0.0307395 0.0537574 -0.0467075 -0.0617526 -0.0605578 0.0110356 -0.0035654 -0.0224532 -0.0007940 0.0425914 0.0302697 0.0029528 -0.0002489 0.0117565 -0.0137407 -0.0029740 0.0302978 -0.0132982 0.0118743 -0.0224750 0.0112135 -0.0252656 -0.0001990 0.0103707 0.0257142 -0.0021236 0.0064108 -0.0096755 0.0200171 0.0178075 0.0248473 -0.0197784 0.0199093 0.0192049 0.0033289 0.0065769 0.0068946 -0.0203668 -0.0308228 -0.0185843 0.0181845 -0.0186250 0.0110595 -0.0142890 -0.0561254 -0.0158663 0.0483215 0.0148629 0.0134553 -0.0468767 -0.0097315 0.0233232 -0.0035865 -0.0383485 0.0019050 -0.0338905 -0.0201847 0.0193293 -0.0100108 -0.0014657 -0.0103438 0.0045653 -0.0066094 -0.0149164 0.0079818 0.0368629 -0.0134759 -0.0150319 -0.0097726 0.0070204 -0.0360418 -0.0095890
-0.0470450 0.1286286 -0.0161937 0.1542374 0.0611166 0.1024458 0.0016947 0.1222532 -0.0502617 1.4451922 0.1151015 0.0706811 0.0486536 0.1311398 -0.0270927 0.0143189 0.0968618 0.0309101 0.0246908 0.0707854 0.0655203 0.0571095 0.0644600 0.0788189 -0.0277423 0.1009524 0.0056665 0.0836996 0.1063487 0.0432336 0.0835390 -0.0334206 0.1161450 -0.0360623 -0.0171113 -0.0108143 -0.0218171 -0.0507815 0.0255040 -0.0244012 -0.0335514 -0.0314976 -0.0369065 -0.0386230 -0.0460682 -0.0290191 -0.0540955 0.0715092 -0.0743129 -0.0262909 -0.0177492 -0.0314260 -0.0289104 -0.0452023 0.0087004 -0.0380742 -0.0353480 -0.0357233 -0.0309613 -0.0381886 -0.0499490 -0.0466779 -0.0484729 -0.0129654 -0.0309429 -0.0149981 -0.0474790 -0.0760610 0.0016383 -0.0506046 0.0099268 -0.0545919 -0.0247115 -0.0186674 -0.0367299 -0.0403291 -0.0287134 -0.0266998 -0.0333214 -0.0104644 -0.0652133 -0.0458674 -0.0453918 -0.0269275 -0.0208008 -0.0421254 -0.0363234 -0.0480925 0.0416485 -0.0086439 -0.0289501 0.0657234 0.1077932 0.0244319 -0.0220357 -0.0512915 -0.0548097 -0.0071345 -0.0446526 -0.0530047 -0.0137814 -0.0440239 -0.0464175 0.0018211 0.0270128 -0.0598986 -0.0279800 -0.0131773 -0.0183892 -0.0389391 -0.0167424 -0.0386902 0.0261617 -0.0431161 -0.0577120 -0.0281613 -0.0045975 -0.0336970 -0.0345706 -0.0453156 -0.0480422 -0.0552626 -0.0434132 -0.0295448 -0.0460312 -0.0425815 -0.0491331 -0.0311658 -0.0194725 -0.0355782 -0.0246371 -0.0018072 -0.0350110 0.0599014 -0.0265105 -0.0264874 -0.0293628 -0.0471447 0.1017793 -0.0349447 -0.0331420 0.0172058 -0.0296380 -0.0425165 -0.0281686 -0.0335525 -0.0254392 -0.0501944 -0.0229827 -0.0464323 -0.0717085 -0.0349099 -0.0182173 -0.0469199 -0.0129295 -0.0386872 -0.0240192 -0.0273595 -0.0389337 0.0542032 -0.0088773
-0.0434379 0.0603602 -0.0345268 0.1184183 0.0979233 0.1360373 0.1231094 0.1046490 -0.0355110 0.1151015 1.3301922 0.0696504 0.0756376 0.0590223 -0.0022623 0.1262097 0.0899010 0.0946563 0.0436856 0.0987543 0.1403534 0.1047888 0.0701180 0.0293674 -0.0346231 0.1297650 0.0564694 0.1298079 0.0905946 0.0894069 0.0610102 -0.0607740 0.0795577 -0.0414583 -0.0398714 -0.0586920 0.0331351 -0.0223091 -0.0045447 -0.0567255 -0.0506218 -0.0627411 -0.0593334 -0.0513390 -0.0213437 -0.0381368 -0.0051616 -0.0230937 -0.0562033 -0.0294718 -0.0137595 -0.0340538 -0.0319547 0.0138303 -0.0211669 -0.0307529 -0.0377177 -0.0289292 -0.0357802 -0.0535163 -0.0359490 -0.0333466 -0.0313662 -0.0279933 -0.0155709 -0.0178714 -0.0368053 -0.0318436 0.0200956 -0.0205678 -0.0199638 0.0067302 -0.0750350 -0.0079455 -0.0412425 -0.0437499 -0.0335777 -0.0385927 -0.0247583 -0.0072880 -0.0458696 -0.0362989 -0.0305105 -0.0492195 -0.0093023 -0.0381260 -0.0382708 -0.0330925 -0.0115399 -0.0548988 0.0184512 0.0413852 0.1109867 0.0359806 -0.0229165 -0.0187852 -0.0112640 -0.0157470 -0.0146021 -0.0109195 -0.0360538 -0.0177581 -0.0446881 -0.0435267 -0.0602755 -0.0543271 -0.0330432 -0.0186861 -0.0572115 -0.0389497 -0.0392758 -0.0641496 -0.0328931 -0.0153061 -0.0588814 -0.0281277 -0.0205127 -0.0296851 -0.0462096 -0.0215824 -0.0405097 -0.0309017 -0.0483692 -0.0258730 -0.0307429 -0.0484938 -0.0522093 -0.0387688 -0.0142691 -0.0485383 -0.0262624 -0.0526081 -0.0319373 0.0577857 0.0052089 -0.0216638 -0.0430306 -0.0048857 0.0337747 -0.0035912 -0.0298363 -0.0614026 -0.0271263 -0.0557121 -0.0533999 -0.0731198 -0.0113535 -0.0397516 -0.0403136 -0.0539779 -0.0403933 -0.0162166 0.0028473 -0.0681768 -0.0338173 -0.0579143 -0.0609642 0.0209792 -0.0424419 0.0535368 -0.0137826
-0.0426180 0.0881883 -0.0297612 0.0508433 0.0772287 0.0431725 0.0486817 0.0418698 -0.0336577 0.0706811 0.0696504 1.2942783 0.0402658 0.1142406 -0.0356205 0.0649888 0.0467763 0.0947423 0.0553777 0.1317237 0.0442084 0.0583146 0.0837882 0.0964347 -0.0473629 0.0439858 0.0458738 0.1293177 0.1032200 0.1684579 0.0930469 -0.0648414 0.1322715 -0.0707295 0.0024175 -0.0414790 -0.0650964 -0.0369760 0.0142939 -0.0277973 -0.0488213 0.0019037 -0.0175195 -0.0443792 -0.0352049 -0.0281632 -0.0323387 -0.0018256 -0.0166359 -0.0086034 -0.0486057 -0.0340202 -0.0244774 -0.0009864 0.0189708 -0.0591499 -0.0296242 -0.0512040 -0.0477637 -0.0441309 -0.0386815 -0.0339933 -0.0149780 -0.0363504 -0.0745224 -0.0387456 -0.0197750 -0.0250718 -0.0221544 -0.0288556 -0.0319383 -0.0298178 -0.0477680 -0.0325776 -0.0142125 -0.0208528 0.0008005 -0.0557714 0.0018097 -0.0189987 0.0137789 0.0034964 -0.0157169 -0.0570789 -0.0410554 -0.0169501 -0.0482633 0.0023696 -0.0153127 -0.0609907 -0.0221740 0.0971540 0.0821897 0.0635276 -0.0614959 -0.0348523 -0.0120679 -0.0326333 -0.0305684 -0.0471489 -0.0272844 0.0054551 -0.0431796 -0.0162690 -0.0618825 -0.0676532 -0.0209426 -0.0219990 -0.0296876 -0.0010582 -0.0446850 -0.0396545 -0.0367542 -0.0343137 -0.0331946 -0.0369058 -0.0039277 -0.0243738 -0.0132031 -0.0251069 -0.0368772 -0.0351663 -0.0263184 -0.0398058 -0.0235706 -0.0013520 -0.0255587 0.0096645 -0.0824724 0.0063518 -0.0491794 -0.0673614 -0.0356534 0.1429933 0.0000923 -0.0188490 -0.0302136 -0.0090082 0.0691069 -0.0316077 -0.0320926 -0.0363963 -0.0368365 -0.0300773 -0.0676645 -0.0363833 -0.0162952 -0.0404570 -0.0732544 -0.0379525 -0.0395401 -0.0645810 -0.0298830 -0.0252873 -0.0233071 -0.0000265 -0.0539151 -0.0249717 -0.0234990 0.0642715 -0.0395773
-0.0638349 0.1015646 -0.0679596 0.1214198 0.1316738 0.0557413 0.0716679 0.0566186 -0.0458045 0.0486536 0.0756376 0.0402658 1.4837162 0.1570778 -0.0395446 0.0606542 0.0267166 0.0140473 0.0986280 0.1019995 0.1289501 0.1716544 0.0979788 0.0511417 -0.0626685 0.0715415 0.0565702 0.0586599 0.1006146 0.0289682 0.1092552 -0.0350289 0.0682726 -0.0540991 0.0008332 -0.0434784 -0.0038691 -0.0258275 0.0204198 -0.0182429 -0.0177819 -0.0405527 -0.0238092 -0.0105423 -0.0519046 -0.0391383 0.0276805 0.0075574 -0.0702920 -0.0362156 -0.0047558 -0.0414662 -0.0326793 -0.0512097 0.0164709 -0.0389784 -0.0169754 -0.0191429 -0.0418176 -0.0568719 0.0139940 -0.0255604 -0.0139254 -0.0214521 -0.0391353 -0.0155582 -0.0307324 -0.0741596 0.0251519 0.0127100 -0.0143952 -0.0277345 -0.0549125 -0.0244832 -0.0631222 -0.0482071 -0.0456278 -0.0227454 -0.0493907 -0.0282865 0.0042307 -0.0305297 -0.0097836 -0.0205006 0.0034169 -0.0251638 -0.0106549 -0.0501735 -0.0076837 -0.0089744 0.0368205 0.0759870 0.0510716 0.1025992 -0.0487584 -0.0369032 -0.0087704 -0.0141759 -0.0678676 -0.0055403 -0.0332637 -0.0464744 -0.0419655 -0.0610230 -0.0771435 -0.0695764 -0.0138974 -0.0451269 -0.0422290 0.0002345 -0.0410263 -0.0497684 0.0301233 -0.0336832 -0.0387830 -0.0562096 -0.0651285 -0.0427955 -0.0619982 -0.0453584 -0.0540887 -0.0872255 -0.0201808 -0.0765345 -0.0595604 -0.0024165 -0.0261712 -0.0508704 -0.0241319 -0.0376528 -0.0309594 -0.0316301 -0.0203031 0.1128846 -0.0312541 -0.0465789 -0.0470550 -0.0148842 0.0869040 -0.0504922 -0.0465335 -0.0366303 -0.0244127 -0.0370083 -0.0509619 -0.0682750 -0.0359613 -0.0405200 -0.0384985 -0.0441371 -0.0626845 -0.0544419 -0.0451232 -0.0453003 -0.0316961 -0.0231296 0.0035464 -0.0321541 -0.0469029 0.1254539 -0.0683556
-0.0519518 0.0953699 -0.0551543 0.0858616 0.0465465 0.1308864 0.0865367 0.0918652 -0.0451530 0.1311398 0.0590223 0.1142406 0.1570778 1.2936754 -0.0403734 0.0730555 0.0709720 0.0458603 0.0772045 0.0421839 0.0717538 0.0438500 0.0863762 0.0906644 0.0199551 0.1075540 0.0878979 0.0384729 0.1473756 0.1742062 0.0218769 -0.0287483 0.0802587 -0.0353481 -0.0060137 -0.0346430 -0.0176831 0.0103429 -0.0057932 -0.0437157 -0.0535350 -0.0263335 -0.0377944 0.0041585 -0.0083019 -0.0395339 -0.0206805 0.0066821 -0.0584545 -0.0431412 -0.0258466 -0.0342771 -0.0280505 -0.0388442 -0.0113467 -0.0397121 -0.0372480 -0.0574324 -0.0581418 -0.0269393 -0.0262536 -0.0127782 -0.0216330 0.0045305 -0.0511331 -0.0561951 -0.0636776 -0.0738122 0.0413038 -0.0523194 -0.0319147 -0.0253467 -0.0529696 0.0287049 -0.0277954 -0.0443750 -0.0382340 -0.0059792 -0.0166581 -0.0560103 -0.0142191 -0.0300424 0.0096703 -0.0074444 -0.0274004 -0.0184198 -0.0499801 -0.0187233 -0.0433948 -0.0459688 -0.0361105 0.0635282 0.1191973 0.0614893 -0.0419203 -0.0037760 -0.0293595 -0.0216084 -0.0442732 -0.0353619 -0.0231757 -0.0110660 -0.0664781 -0.0895739 -0.0220923 -0.0325512 -0.0396098 -0.0383541 -0.0343334 -0.0380694 -0.0648488 -0.0115373 -0.0207359 -0.0545455 -0.0332558 -0.0358800 -0.0231460 -0.0274021 -0.0389888 -0.0306629 -0.0151558 -0.0530515 -0.0191944 -0.0469924 -0.0369100 -0.0013365 -0.0405006 -0.0813685 -0.0303408 -0.0669192 -0.0305376 -0.0198611 -0.0211821 0.0290725 -0.0149817 -0.0439466 -0.0234793 -0.0253325 0.1272718 -0.0157523 -0.0164793 -0.0477583 -0.0332514 -0.0322659 -0.0540438 -0.0104721 -0.0258929 -0.0435121 -0.0255861 -0.0382724 -0.0586336 -0.0296893 -0.0212635 -0.0324407 -0.0541357 -0.0474578 -0.0424815 -0.0622093 -0.0404186 0.0608924 -0.0145720
0.0198900 -0.0480132 0.0126164 -0.0193028 -0.0470285 -0.0696063 -0.0365139 -0.0343346 0.0516971 -0.0270927 -0.0022623 -0.0356205 -0.0395446 -0.0403734 0.8225097 -0.0471876 -0.0367172 -0.0326575 -0.0153853 -0.0541056 -0.0457616 -0.0207349 -0.0503347 -0.0059826 0.0463950 -0.0235367 -0.0447903 -0.0123590 -0.0199225 -0.0619247 -0.0412131 0.0073474 -0.0151233 -0.0086627 -0.0139428 0.0206379 -0.0272545 -0.0339926 -0.0123724 0.0027818 0.0389037 -0.0003689 0.0146601 -0.0047348 -0.0140383 -0.0112922 -0.0197294 -0.0163561 0.0062566 -0.0063223 0.0159953 -0.0106812 0.0003720 -0.0312667 -0.0209488 -0.0080854 -0.0100409 0.0070781 -0.0082996 0.0614401 0.0282484 -0.0051235 -0.0156459 -0.0339527 0.0559398 0.0049226 0.0365900 0.0239392 0.0034285 -0.0115676 -0.0464143 -0.0327612 0.0259657 0.0149946 0.0161432 0.0037824 -0.0161457 -0.0053978 0.0121399 -0.0296391 0.0028412 0.0319976 -0.0031838 -0.0090568 0.0252646 0.0049695 -0.0017358 -0.0220158 -0.0044172 0.0063493 -0.0122171 -0.0656254 -0.0661501 -0.0817683 0.0282317 -0.0133625 -0.0120578 0.0281642 0.0630002 0.0255599 0.0275961 0.0177626 0.0234133 0.0329181 0.0012728 -0.0043425 -0.0150605 0.0068483 0.0078852 -0.0154078 -0.0213420 -0.0147114 -0.0199343 0.0060619 0.0090379 -0.0018071 -0.0221414 0.0275955 -0.0077932 0.0383531 0.0062209 -0.0144822 0.0339493 0.0118321 0.0166384 0.0222514 -0.0043372 0.0067130 0.0144589 0.0046003 0.0022782 0.0234615 -0.0184251 -0.0354551 -0.0168233 -0.0025525 0.0199759 -0.0104154 -0.0503172 -0.0143455 -0.0299224 0.0406154 0.0006466 0.0152227 0.0287767 0.0214951 0.0063361 0.0065722 0.0051511 -0.0158537 0.0349285 0.0171085 -0.0114037 -0.0005787 0.0171782 0.0018340 -0.0237849 -0.0336200 0.0273352 -0.0535260 0.0121823
-0.0444021 0.0766519 -0.0302392 0.1011681 0.1493822 0.0422144 0.0692878 0.1297925 -0.0142691 0.0143189 0.1262097 0.0649888 0.0606542 0.0730555 -0.0471876 1.6124697 0.0694379 0.1523614 0.1416350 0.1124709 0.1525015 0.0756016 0.1528134 0.0882791 -0.0227403 0.0866591 0.0884855 0.0741420 0.0794180 0.1859940 0.0923273 -0.0751394 0.0566678 -0.0135499 -0.0027354 -0.0655178 -0.0167616 -0.0294319 -0.0217325 -0.0525151 -0.0528699 -0.0534694 -0.0496371 -0.0617613 0.0024168 -0.0543888 -0.0366734 -0.0039841 -0.0627015 -0.0232018 -0.0022655 -0.0319365 -0.0266133 -0.0399093 -0.0531315 -0.0029931 -0.0557189 -0.0373517 -0.0378422 -0.0402225 -0.0308362 -0.0389197 -0.0449849 -0.0432091 -0.0643360 -0.0579202 -0.0484617 -0.0547450 -0.0220220 -0.0356174 -0.0267353 -0.0019592 -0.0287279 -0.0157073 -0.0173020 -0.0077702 -0.0711433 -0.0503064 -0.0204875 -0.0671225 -0.0564220 -0.0213039 0.0039276 -0.0457224 -0.0390179 -0.0017066 -0.0541527 -0.0597495 0.0177446 -0.0763455 -0.0124452 0.1497770 0.0667014 0.1001941 -0.0688981 -0.0263461 -0.0155913 0.0057541 -0.0680103 -0.0528704 -0.0574215 -0.0336630 -0.0490785 -0.0359939 -0.0393011 -0.0565652 -0.0063321 -0.0385246 -0.0535234 -0.0117420 -0.0446278 0.0191737 -0.0204924 -0.0573158 -0.0400049 -0.0389595 -0.0457891 -0.0419833 -0.0272895 -0.0408662 -0.0238834 -0.0141234 -0.0821441 -0.0442915 -0.0775306 -0.0550981 -0.0333103 -0.0664817 -0.0531521 -0.0489026 -0.0589752 -0.0365895 -0.0348353 0.0859453 0.0136732 -0.0562524 -0.0328120 -0.0406657 0.0661298 -0.0216935 -0.0312768 -0.0521807 -0.0618253 -0.0182420 -0.0718318 -0.0101962 -0.0306830 -0.0461724 -0.0292476 -0.0351334 -0.0543760 -0.0550326 -0.0104130 -0.0349583 -0.0886460 -0.0090487 -0.0456814 -0.0202206 -0.0598852 0.0956698 -0.0099290
-0.0546036 0.0631323 -0.0131065 0.0648759 0.0615267 0.0528418 0.0584377 0.1267756 -0.0309501 0.0968618 0.0899010 0.0467763 0.0267166 0.0709720 -0.0367172 0.0694379 1.2140875 0.0359267 0.0485650 0.0301303 0.0855070 0.0306885 0.0623978 0.0557608 -0.0065051 0.0343764 0.1021041 0.0801719 0.0803974 0.2000586 0.1005140 -0.0474509 0.1187635 -0.0215436 -0.0141700 -0.0371525 -0.0401734 -0.0355089 -0.0044605 -0.0402175 -0.0482565 -0.0499240 -0.0281019 -0.0229087 -0.0167432 -0.0141489 -0.0113917 0.0121124 -0.0471338 -0.0307249 -0.0186240 -0.0096922 -0.0317646 -0.0145452 -0.0204682 -0.0109432 -0.0397473 -0.0090213 -0.0380413 -0.0654501 -0.0157327 -0.0080457 -0.0016658 -0.0309816 -0.0420423 -0.0315146 0.0057099 -0.0694579 -0.0360160 -0.0041824 0.0102562 -0.0252683 -0.0687907 0.0045583 -0.0215248 -0.0282322 -0.0424932 -0.0385864 -0.0249215 -0.0315126 -0.0265720 -0.0154594 -0.0336690 -0.0408052 -0.0104850 -0.0372447 -0.0296970 -0.0147755 -0.0131219 -0.0051819 0.0058803 0.0437815 0.0546778 0.0206516 -0.0259043 -0.0122196 -0.0132144 -0.0016625 -0.0255523 -0.0551814 -0.0266963 -0.0213841 -0.0519336 -0.0096153 -0.0021694 -0.0524041 -0.0218408 -0.0302950 -0.0070356 -0.0057540 -0.0262835 -0.0286033 -0.0189651 -0.0374882 -0.0463076 -0.0278995 -0.0352394 -0.0369602 -0.0312064 -0.0538660 0.0236451 -0.0203934 -0.0663757 -0.0081792 -0.0286892 -0.0402153 -0.0587295 -0.0460953 0.0050033 -0.0236716 -0.0535120 -0.0477410 -0.0054754 0.1015055 -0.0164055 -0.0217845 -0.0598937 -0.0030269 0.0697288 -0.0569204 -0.0141518 -0.0326911 -0.0377173 -0.0277150 -0.0333649 -0.0537215 -0.0449560 -0.0235770 -0.0329020 -0.0430477 -0.0576500 -0.0302240 -0.0420464 -0.0305151 -0.0097343 -0.0381943 -0.0130010 -0.0263498 -0.0234797 0.0610915 -0.0106295
-0.0441771 0.0802810 -0.0231929 0.0339170 0.0444086 0.1256070 0.0580302 0.1184452 -0.0148707 0.0309101 0.0946563 0.0947423 0.0140473 0.0458603 -0.0326575 0.1523614 0.0359267 1.2777754 0.0356162 0.0768222 0.0943309 -0.0123626 0.0892789 0.0380243 -0.0519619 0.0833341 0.0963811 0.0801193 0.1228281 0.0672459 0.0985816 -0.0467416 0.0149041 -0.0420190 -0.0033756 -0.0349240 -0.0479993 -0.0041751 0.0009503 -0.0522057 -0.0776814 -0.0116625 -0.0481662 -0.0515872 0.0032765 0.0047621 -0.0303520 -0.0267302 -0.0551032 0.0044930 -0.0354636 -0.0199584 -0.0305520 0.0119439 -0.0318915 -0.0332027 0.0036627 -0.0428396 -0.0365016 -0.0555846 -0.0349073 -0.0277919 -0.0447071 -0.0469253 -0.0482542 -0.0239758 -0.0277331 -0.0211883 -0.0269342 -0.0407224 -0.0247320 -0.0220386 -0.0197649 -0.0207732 -0.0154864 0.0050206 -0.0638339 -0.0246284 -0.0380581 -0.0173135 -0.0406811 -0.0054405 0.0071626 -0.0348969 -0.0238337 0.0045287 -0.0274334 -0.0030045 -0.0031094 -0.0434569 -0.0331931 0.0683968 0.1092158 0.1022729 -0.0442649 -0.0452502 -0.0333842 -0.0298412 -0.0378626 -0.0272945 -0.0482975 -0.0587696 -0.0332189 -0.0346403 -0.0121900 -0.0255195 -0.0394062 0.0609558 -0.0479068 -0.0189512 -0.0219751 -0.0268123 -0.0011915 -0.0346156 -0.0615083 -0.0190932 -0.0218546 -0.0524953 -0.0005291 -0.0482093 -0.0623584 -0.0418536 -0.0159892 -0.0313089 -0.0366650 0.0075948 -0.0129716 -0.0651998 -0.0440067 -0.0536319 -0.0350989 -0.0379445 -0.0263342 0.0331104 -0.0371123 -0.0162941 -0.0229644 -0.0046189 0.0520779 -0.0347961 -0.0236199 -0.0182181 -0.0344035 -0.0401103 -0.0410757 -0.0499792 -0.0333015 -0.0252376 -0.0315173 -0.0434774 -0.0161987 -0.0472920 -0.0378787 -0.0131571 -0.0395942 -0.0240314 -0.0435330 -0.0030008 0.0223441 0.1396398 -0.0027420
-0.0529483 0.0916329 -0.0354198 0.0585551 0.0344000 0.0292665 0.0894285 0.0795968 -0.0394985 0.0246908 0.0436856 0.0553777 0.0986280 0.0772045 -0.0153853 0.1416350 0.0485650 0.0356162 1.2451452 0.0032626 0.1037543 0.0565952 0.1003377 0.0097401 -0.0338224 0.0345879 0.1149339 0.0290039 0.0588985 0.0322339 0.0907166 -0.0703367 0.0402027 -0.0447704 -0.0072216 -0.0211448 -0.0095270 -0.0246890 0.0627868 0.0050269 -0.0292655 -0.0528979 -0.0562812 -0.0076886 -0.0210979 -0.0032760 -0.0311448 0.0030705 -0.0116101 -0.0459161 -0.0216282 -0.0156474 -0.0174353 -0.0359253 -0.0374051 -0.0106207 -0.0186584 -0.0099264 -0.0311572 -0.0357339 -0.0202881 -0.0161381 -0.0244805 -0.0039318 -0.0414509 -0.0221109 -0.0256201 -0.0798411 -0.0037861 -0.0281642 -0.0210351 -0.0187805 -0.0510564 -0.0181535 -0.0352080 -0.0215148 -0.0160033 -0.0449365 -0.0455626 -0.0184488 -0.0180662 0.0027426 0.0090376 -0.0447917 -0.0122257 -0.0092881 -0.0165993 0.0009859 0.0381168 -0.0338392 -0.0611929 0.0921191 0.1010005 0.0698708 -0.0482676 -0.0195777 0.0058220 -0.0394630 -0.0425340 -0.0400665 -0.0496909 -0.0529791 -0.0507490 -0.0359582 -0.0062175 -0.0569701 -0.0486959 -0.0151632 -0.0358951 -0.0218748 -0.0347877 -0.0005779 0.0178435 -0.0287731 -0.0328157 -0.0455751 -0.0311623 -0.0296054 -0.0330098 -0.0073508 -0.0371751 -0.0249295 -0.0612190 -0.0372740 -0.0510002 0.0569953 -0.0201682 -0.0355156 -0.0255354 -0.0204806 -0.0134504 -0.0230477 -0.0277297 0.1115822 -0.0224628 -0.0232107 -0.0381933 -0.0454366 0.0584761 -0.0205874 -0.0220809 -0.0464725 -0.0341886 -0.0330974 -0.0934082 -0.0188437 -0.0124178 -0.0272045 -0.0455331 -0.0137092 -0.0394380 0.0009253 -0.0217765 0.0024430 -0.0487809 -0.0289250 -0.0199618 -0.0471404 -0.0391911 0.0612807 -0.0381939
-0.0137375 0.0209745 -0.0267662 0.0794413 0.0885528 0.0845751 0.1392066 0.0800915 -0.0277889 0.0707854 0.0987543 0.1317237 0.1019995 0.0421839 -0.0541056 0.1124709 0.0301303 0.0768222 0.0032626 1.3612778 0.1032739 0.0480449 0.0627898 0.0384759 -0.0128292 0.0747360 0.1060375 0.1337049 0.0681368 0.0749003 0.0464112 -0.0743924 0.0971521 -0.0281779 -0.0268056 -0.0401596 -0.0250221 -0.0350842 -0.0299302 -0.0541691 -0.0245160 -0.0359329 0.0190611 -0.0292480 -0.0029878 -0.0011690 -0.0314633 -0.0203134 -0.0418416 -0.0180716 -0.0023089 -0.0456050 -0.0115676 -0.0355150 -0.0210727 -0.0089575 -0.0245739 -0.0426699 -0.0174652 -0.0596368 -0.0483135 0.0021582 -0.0305288 -0.0090653 -0.0341680 -0.0296004 0.0001156 -0.0212043 -0.0161042 -0.0490643 -0.0343666 -0.0277612 -0.0518075 -0.0222453 -0.0271377 -0.0459776 -0.0446521 -0.0264072 -0.0298861 -0.0187012 -0.0233234 -0.0337810 -0.0166074 -0.0452223 -0.0402679 -0.0227149 -0.0448924 -0.0502835 -0.0342824 -0.0397915 -0.0105298 0.1046161 0.1225118 0.1057595 -0.0350454 -0.0094380 -0.0099156 -0.0307603 -0.0387804 -0.0267934 -0.0580578 -0.0131479 -0.0417549 -0.0220256 -0.0259688 -0.0268234 -0.0487826 -0.0297109 -0.0518712 -0.0393148 -0.0407310 -0.0101368 -0.0123858 -0.0392214 -0.0286343 -0.0187310 -0.0370434 -0.0472918 -0.0388055 -0.0529587 -0.0279477 -0.0319079 -0.0351603 -0.0152359 -0.0480453 -0.0197025 -0.0346395 -0.0321751 -0.0444676 -0.0606570 -0.0300779 -0.0274309 -0.0232302 0.0571079 0.0002626 -0.0301299 -0.0232833 -0.0213416 0.0513112 -0.0434934 -0.0268154 -0.0252835 -0.0687210 -0.0364723 -0.0178867 -0.0489387 -0.0116227 -0.0382244 -0.0589363 -0.0249010 -0.0437997 -0.0463681 -0.0344795 -0.0511234 -0.0436985 -0.0445530 -0.0502297 0.0373488 -0.0305142 0.0683931 -0.0219668
-0.0621193 0.0745225 -0.0164765 0.1316168 0.1048770 0.0744952 0.1301413 0.0759957 -0.0392254 0.0655203 0.1403534 0.0442084 0.1289501 0.0717538 -0.0457616 0.1525015 0.0855070 0.0943309 0.1037543 0.1032739 1.1852906 0.0353347 0.0800089 0.0467780 -0.0297247 0.1272289 0.0619844 0.0723798 0.0626278 0.0705620 0.1343777 -0.0436474 0.0705038 -0.0318620 0.0118991 -0.0447733 -0.0149092 -0.0158280 0.0418012 -0.0424426 -0.0321242 -0.0397740 -0.0428250 -0.0600660 -0.0162366 -0.0477519 -0.0396062 -0.0051723 -0.0592113 -0.0547152 -0.0103782 -0.0128068 -0.0234884 -0.0371998 -0.0083364 -0.0020252 0.0017862 -0.0423523 -0.0230887 -0.0444589 -0.0371691 -0.0182692 -0.0426490 -0.0452892 -0.0327339 0.0057946 -0.0255895 -0.0446835 -0.0241774 -0.0422872 -0.0412712 -0.0467392 -0.0473418 -0.0540238 -0.0155960 -0.0580389 -0.0419534 -0.0154025 -0.0237247 -0.0259062 -0.0429013 0.0069069 -0.0344336 -0.0746887 -0.0241880 -0.0242978 -0.0217542 -0.0533022 0.0094928 -0.0446562 -0.0229706 0.0813343 0.1344970 0.0933990 -0.0332687 -0.0291180 0.0358603 -0.0311910 -0.0546465 -0.0661629 -0.0339148 -0.0490861 -0.0244825 -0.0381506 -0.0561648 -0.0462674 -0.0511227 -0.0153868 -0.0237441 -0.0382711 -0.0369432 -0.0106340 -0.0178227 -0.0455133 -0.0439776 -0.0441511 -0.0556535 -0.0223207 -0.0389267 -0.0380099 -0.0017527 -0.0458795 -0.0223791 -0.0220868 -0.0402664 -0.0155630 -0.0579607 -0.0338787 0.0011388 -0.0245768 -0.0511329 -0.0548358 -0.0317424 0.0929220 -0.0089152 -0.0454318 -0.0611576 -0.0473429 0.0504978 -0.0270048 -0.0316265 -0.0367423 -0.0234226 -0.0281546 -0.0403834 -0.0307722 -0.0206915 -0.0422610 -0.0304410 -0.0298773 -0.0721020 -0.0251266 0.0002340 -0.0269607 -0.0361848 -0.0219225 0.0100818 -0.0428958 -0.0593633 0.0368750 -0.0425340
-0.0440552 0.0852399 -0.0501806 0.1136840 0.0081830 0.1133727 0.0254699 0.0543365 -0.0310398 0.0571095 0.1047888 0.0583146 0.1716544 0.0438500 -0.0207349 0.0756016 0.0306885 -0.0123626 0.0565952 0.0480449 0.0353347 1.3105764 0.0813177 0.0397260 -0.0119015 0.0480781 0.0480317 0.1013140 0.0726382 0.1058389 0.1540511 -0.0149520 0.0548496 -0.0450222 0.0195010 -0.0384063 -0.0143115 -0.0456451 0.0247287 -0.0531574 -0.0036619 -0.0517537 -0.0390563 -0.0280446 -0.0426283 -0.0091297 -0.0291227 0.0111974 -0.0337156 -0.0086140 -0.0077949 -0.0531599 -0.0282033 0.0049103 -0.0151156 0.0032865 -0.0262702 -0.0414191 0.0047843 -0.0729823 0.0027603 0.0021594 0.0005951 -0.0473200 0.0150197 -0.0452728 -0.0360350 -0.0211036 0.0154044 -0.0253048 -0.0340078 -0.0302327 -0.0328576 -0.0548242 -0.0081073 -0.0391187 -0.0393250 -0.0201020 -0.0430825 -0.0290266 0.0337134 -0.0009402 -0.0239705 -0.0301284 -0.0290843 -0.0309708 -0.0270752 -0.0035560 0.0221727 -0.0064122 -0.0318308 0.0683229 0.0882142 0.0408052 -0.0194342 -0.0174039 -0.0351141 -0.0235177 -0.0470805 -0.0376420 -0.0490312 -0.0479151 -0.0205897 -0.0063717 -0.0312093 -0.0410261 -0.0359085 -0.0158824 -0.0305828 -0.0372760 -0.0164764 -0.0269653 -0.0476368 -0.0280842 -0.0313341 -0.0331838 -0.0292362 -0.0379845 -0.0511713 -0.0408966 -0.0413490 -0.0340887 -0.0266532 -0.0615432 -0.0197559 0.0068709 -0.0123980 -0.0277761 -0.0444808 -0.0217920 -0.0351992 -0.0308119 -0.0179295 0.0633175 -0.0308916 -0.0284607 -0.0649168 -0.0081491 0.0472829 -0.0253012 -0.0008470 -0.0347355 -0.0519919 -0.0320104 -0.0472477 -0.0505113 -0.0102202 -0.0117152 -0.0440588 -0.0360047 -0.0308895 -0.0445425 -0.0537612 -0.0451073 -0.0316703 -0.0036529 -0.0264668 -0.0345192 -0.0510383 0.0006007 -0.0432448
-0.0443232 0.0458299 -0.0555422 0.1337041 0.1132081 0.0668964 0.1170653 0.1046476 -0.0462941 0.0644600 0.0701180 0.0837882 0.0979788 0.0863762 -0.0503347 0.1528134 0.0623978 0.0892789 0.1003377 0.0627898 0.0800089 0.0813177 1.3270051 0.0492705 -0.0415684 0.0671557 0.0919628 0.0537377 0.0645109 0.0815690 0.0525575 -0.0665766 0.1259667 -0.0442432 0.0109487 -0.0613919 -0.0316016 -0.0101091 0.0145222 -0.0665705 -0.0215802 -0.0528642 -0.0647790 -0.0316052 -0.0390042 -0.0280290 -0.0333402 -0.0218506 0.0072606 -0.0323927 -0.0190018 -0.0704702 -0.0482520 -0.0294526 -0.0280748 -0.0687221 -0.0337637 -0.0312352 -0.0325627 -0.0080300 -0.0413813 -0.0293326 0.0109739 -0.0050752 -0.0393548 -0.0423404 -0.0500365 -0.0491821 0.0240806 -0.0368405 0.0191851 -0.0328882 -0.0630528 -0.0636562 -0.0304975 -0.0498627 -0.0181109 -0.0482577 -0.0225690 -0.0285171 -0.0275306 0.0371087 -0.0113306 -0.0226446 -0.0408738 -0.0340782 -0.0593499 0.0290611 -0.0219462 -0.0111286 -0.0446693 0.0744095 0.1204615 0.0537473 -0.0580121 0.0073699 0.0009729 0.0148916 -0.0227063 -0.0693365 -0.0290969 -0.0563511 -0.0795383 -0.0513706 -0.0304642 -0.0204057 -0.0369303 -0.0167342 -0.0428682 -0.0153591 -0.0493854 -0.0166861 -0.0346777 -0.0335238 -0.0454569 -0.0127110 -0.0107777 -0.0483101 -0.0475839 -0.0573506 -0.0347255 -0.0099690 -0.0278593 -0.0490310 -0.0222503 -0.0475862 -0.0507221 -0.0431436 -0.0336563 -0.0381399 -0.0445821 -0.0364279 -0.0468436 0.1172879 -0.0403282 -0.0442352 -0.0533410 -0.0442080 0.1420121 -0.0481742 -0.0277284 -0.0099994 -0.0174353 -0.0186053 -0.0426125 -0.0688023 0.0146281 -0.0523111 -0.0351891 0.0123933 0.0103637 -0.0056642 -0.0555171 -0.0384121 -0.0663871 -0.0230416 -0.0512668 -0.0238292 -0.0624275 0.0980733 -0.0580613
